    54    20                         
1              -0.0284307791409875 -0.561271795093195 0.371024387205515 -0.123195461980505 1.34125517842489 -0.128970819553004 -1.63334310665544 0.489964471432545 -0.0371632187799474 0.203812780899697 -0.158671418341412 -0.0346197717103647 -2.80763289896053 0.123015811256502 -0.429785725083632 0.210678310888625 -0.0949008795951614 0.115330046795138 0.149230469273284 0.192995834182887
2              1.49227808288269 -0.127645102997511 -0.959475314004847 0.28198553561737 -0.421097277588105 0.00433361615054349 0.117797789027175 -0.178847740210936 -0.72058048151146 0.0971905948818502 0.912895980528425 0.019106083091505 0.0350080877583988 0.229688648396259 -0.0220804554317303 -0.185252382869872 0.186579251037314 -0.123956302425276 0.607460065030636 -0.439778821676777
3              -0.721929042262642 -0.637500831927048 1.17017921139378 1.08090166828724 -0.799377872023293 -0.21840456736671 0.34110814785467 0.452789081576967 -0.172236527066382 0.131839771695884 -0.64517884247292 1.95690569129275 0.168568158232754 0.56371356429431 -0.517663746058835 -0.153400444249021 -0.792182861324365 0.411266385292901 0.616449143174385 -1.89122497677314
4              0.91342552225648 -0.205666676397304 -0.902587318884329 0.394022661799117 -0.0741457543185284 -0.382679431123212 0.151590181025359 -0.291470349344118 -2.46956818856099 -0.22485036950009 -0.34874137609433 -0.300286322367486 -0.123591675009096 0.159329022636184 0.103403219331695 -0.142251927416194 -0.237883023044172 0.24115341513396 -0.279633667940996 -0.0161872191436679
5              0.229158353255498 -1.22043065527322 0.949888739453079 -2.97609919933112 -0.707523072446512 0.36953862870074 0.762049414040134 -0.323230743244935 -0.147281185560128 -0.13453502684026 0.133491067273122 -0.0188147664676807 -0.00420921470761587 0.0790718487195049 -0.115767205678201 -0.168493639171518 -0.00263713027314541 0.0879780557255087 -0.0954313256565767 -0.323332225555682
6              -0.0456720881762336 1.59705279702422 1.00275709633838 -0.146931415289371 -0.153231039905249 -0.929279562918779 -0.16699081298428 0.346502292963953 0.09045114788503 -2.75131674416836 0.134961834631454 0.109494553661032 0.0107146914412958 0.0274919489318359 -0.0817317657774996 -0.117961512079558 -0.325213752492614 0.114511983020367 0.137202669821104 -0.554838851408423
7              -0.806133649109396 0.528556496377887 -0.774680851900336 -0.0904020972826077 0.389220108110374 1.56650499448799 0.489888231335394 0.896525288545784 0.0219813948867322 -0.161843915249966 0.0694931146393907 0.232384159899338 -0.0555205935201192 -0.133207035611034 0.388628411415887 0.421689819898648 0.668912580492628 0.302975831006071 -1.26934620776714 0.682998035023372
8              -0.0583569276299435 -0.648081987043214 0.491389740384883 -0.461635313199519 1.86966386473662 -0.239048758752395 -2.35778219369638 0.68118070714332 -0.199453940348041 0.263773238810759 -0.189110115930792 0.0140703334926341 2.57590249994314 0.129966432508428 0.260277215045538 -0.102546157493664 -0.305792532793786 -0.109224770739955 0.0134571033654924 -0.269037524026292
9              1.68039322593202 -0.0339570281761581 -1.07510288160673 0.171701659896975 -0.11261903520089 0.043600634536129 0.509009827280838 -0.0131605131165716 1.96000889711484 -0.619129287062105 -2.78416602558526 -0.703687917913327 0.320000599776731 1.34437717955186 -0.804325892409938 -0.404052186820794 0.311440516801068 -0.387921588991919 0.435885413939323 0.409608208744108
10              -1.26695966692954 -0.192808270403436 -1.37090245136555 -0.118822655494224 -0.19092615859465 -1.3810359695381 -0.101102655004169 -0.690325969639047 0.214214033171262 0.123188399408986 0.305690714419173 -0.23969786106304 -0.118862018327774 -0.260321450174938 -0.0538090864968951 -0.00735259912561862 -0.0342140559169031 0.0949369329107489 -0.071024886604556 0.370234058259532
11              -1.45157346199223 0.6154299796312 -1.35090252926056 -0.292714620616709 0.220131905438528 1.60315812153214 0.300872680669714 0.891911528057102 0.0075254700055291 -0.233036273681257 0.0344813625674139 -0.249061848326443 -0.0943237809160647 -0.203889757250956 -0.0603746837645538 -0.256498499568912 -0.238032416104169 0.126091202839912 0.256183447271154 -0.612180090915828
12              1.52911533202015 -0.103365227709045 -0.99282810096261 0.186913486449893 -1.83759918053013 0.153540106524481 -1.24436363052168 0.702840533815784 1.16070530306058 0.390517762225418 0.860138220801504 0.18556974928587 0.100140038698227 -0.529043260151257 0.381182365274768 0.38928377989338 -0.104987593932726 0.334923878077966 -0.230803731033589 0.0383524665270621
13              0.0504276631899682 -0.583106485280026 0.39387326929663 -0.338398294724867 1.75388769150569 -0.0698777711573079 -2.01628106567291 0.436609815596733 0.00424440065488227 0.213829876216017 -0.141959784409195 -0.000882984010520634 0.0376628772091974 0.109907327617843 -0.0130521311789935 0.065356357020386 -0.0754982821420007 0.096406920345321 -0.255452806288501 0.0783532402106353
14              0.0656681835892099 2.24269291186232 1.13718683488164 -0.279090137623799 -0.279329641733959 -0.699562861797967 -0.444792213583375 -0.0645585351559878 -0.016687591637959 -3.29405169210903 0.502163021261452 0.509695727056291 0.0534875433695582 -0.180180836284596 -0.0291017009623984 -0.0191770606970923 -0.0046511684012129 -0.103176233393511 -0.0283687462741959 0.349306403069414
15              -0.60349292684415 -0.692094345610855 0.767803138677685 0.902530038724246 -0.449770207742852 -0.602789588135396 0.641966890138868 0.869078739847268 -0.126705987601056 0.336896187394401 -0.305790232256789 1.34353659406695 0.217612009495077 0.048896626996793 -0.274851571038353 0.311545741146106 -0.181305684209505 -0.613427807534467 -0.0475342290798018 0.0993973977284548
16              1.23683756793425 -0.164320265327443 -1.02886360791118 0.401342554916025 -0.381691935609217 -0.174030825566572 0.0233803431541814 -0.334602231700152 -3.01440524106374 -0.355304803856012 -0.886704162075348 -0.337935418333643 -0.0728642552154167 -0.133618904498901 0.115422171607526 -0.102170997674062 -0.592542500429271 0.276825022667581 0.227946514509488 0.244962856596207
17              -1.92883174944199 -0.217654648079731 -1.7163515442889 -0.302111171179021 -0.369669848386824 -1.87522724172871 -0.258776097514128 -1.27290254241135 0.428385124879354 0.0152900666134082 0.298602762580958 -0.262436724613973 -0.0473025591476154 0.0609511639870473 -0.0255367402299526 0.00164784132327201 0.0708421221723681 0.0666522584641775 -0.074403714408461 0.0918785368495982
18              0.175987636774899 -1.20817857995419 0.941975437242253 -2.97753400171595 -0.809489107505268 0.35519322552135 0.774080900264674 -0.237642639567155 -0.0557844994942314 0.0622897754272025 0.068723151978855 -0.0895983856483905 -0.156419252759076 0.146362429322072 -0.42243067636124 0.335240252703051 -0.14491301201587 -0.179124880566078 -0.209688041716755 1.15319268519394
19              0.155901056640907 -1.27722659446428 1.04525138111365 -3.09836444929039 -0.831092477685509 0.408619923211711 0.691118083733593 -0.337117027423053 -0.162246296251532 -0.0402135419195222 -0.084484558489057 -0.0272491040474255 -0.075110388383348 -0.0755656326634423 -0.00918816794790523 0.0640110428355634 0.0629438886075959 0.170200665619264 -0.0106637460480309 0.0897045725885294
20              -1.41610418137677 0.702272061241958 -1.28384559620791 -0.271869054656426 0.156832876972944 2.14281686151582 0.263186003198722 1.20086864533084 -0.180597570519591 -0.210222463351568 -0.0524304687545625 -0.0449770890325042 0.0649871194898038 -0.138364562303758 0.0513543722877867 -0.185779443930449 0.187570533011203 -0.0670771488014266 -0.54062628415606 -0.0992508198940353
21              1.43842436543001 -0.107295513134776 -0.962958896884652 0.220131732549204 -1.45651302726845 0.179076429106381 -0.956831233925299 0.460860272366814 0.604754947580604 0.214834340176404 0.688632344827702 0.160897853985894 -0.106270966714544 -0.0334146190500767 0.132220948272739 0.18843586767221 -0.190825472274363 0.246153681237283 -0.065951737098265 0.0943473572004531
22              0.351092064690601 2.26931546340652 0.771895351844846 -0.340358771414838 0.0531974251003952 -0.633635560421637 0.302232697102676 -0.357315979375941 0.020492124763595 1.99667955635819 0.0369411809912472 -0.195061208011983 0.0472629295954119 -0.703435701217067 0.19083900982616 -0.0852754518112737 0.102853576248809 -0.876269995221608 1.39309140991859 0.435207318713344
23              -1.67230513243998 0.793480245826978 -1.34348280237704 -0.267843046822009 -0.0583006690122027 2.45792348051903 0.267309563244453 1.28448246124371 -0.462570753015969 -0.375660722069249 -0.253403082051947 0.162887912470371 -0.00311908093439329 0.179045483191797 0.0115704999424701 -0.18369685995717 -0.0158250312961107 -0.674478444917522 1.91702529737626 0.49190184814197
24              -0.556018860787282 -0.633899395704877 0.930963237567141 0.808380522862862 -0.435104654135389 -1.28178687360056 0.86344341776 2.23645487002522 -0.1573418627335 -0.132545833248907 0.136256099758983 -1.08844914899762 0.134396102206075 0.0113402222374125 -0.358660669438525 0.0667413484678498 -0.192781698256291 0.00628331833964959 -0.136117888479925 0.367203443102453
25              1.76066665954831 -0.0686682214784798 -1.13162708178719 0.207857107803064 -2.23028499964446 0.160316586643944 -1.44209745504444 0.722189721584503 1.47593560031435 0.211220488051268 0.293596550822462 -0.0370994088636631 0.0302275621310642 -0.0418603703190384 0.145043014582589 0.107119821889902 -0.134400908592686 -0.00218037340936386 0.0697846170813806 -0.0278625902695879
26              0.18232024221742 -1.22576462211445 0.964560414427191 -3.04613761365819 -0.799658069801937 0.422769149741559 0.686331085874502 -0.331638540189956 -0.134993845755215 -0.0920920125036553 -0.0613302790246189 -0.0603829801542363 -0.0105644926495011 -0.084576681024929 -0.069900011599265 -0.086497517277634 -0.099837019313519 -0.0720308608499015 -0.179192737017639 -0.142456661340224
27              0.105431977286069 2.166035351988 1.0033240414589 -0.282254906897266 -0.172710923428191 -0.601007631307721 -0.236638414378587 -0.13073805528601 0.0430164622350721 -1.76390297255888 0.175605446727721 0.336506432318298 0.106235581607838 -0.255144013250828 -0.0186407382641026 0.0695066358508769 -0.0191877029271872 -0.0772119252411969 0.0540548521017363 -0.218920556856853
28              -1.12353175916241 -0.162769016753363 -0.826728665565217 0.0175062133805069 -0.0228232641583709 -0.629372141152964 -0.0249287670162964 -0.312369294790564 0.184826294082608 -0.0114241010363491 0.0481395543077966 0.251993106810297 0.00637462650761128 -0.0627479077342838 0.0516575688420044 0.222898919581339 -0.136799018280758 -0.213561725118783 -0.0925360310068078 -0.00204653068418006
29              0.00387514408786633 -0.620063957932616 0.416806149260334 -0.38642149071389 1.77357051038524 -0.058582648141925 -2.24881754930691 0.477749863297969 -0.112378597557952 0.214401646221218 -0.192752215199902 -0.084572372785271 -0.614983190393391 0.154006338317127 -0.387925814380711 -0.0617372240201895 0.107646125609059 -0.0494398749424353 0.248460464654537 0.130459680353087
30              1.14621269358892 -0.134373126668975 -0.945348630822037 0.37887408671024 -0.21788476493224 -0.223539595664924 0.119701070937061 -0.376599987493577 -2.50548975453179 -0.196423248621456 -0.789861647556635 -0.248232500829733 -0.0768186407312754 0.0282418354160862 0.00216599373093412 0.0339269004187814 -0.294704810123089 0.286859006552892 -0.096060590316147 -0.0252960717243421
31              0.282360563526281 2.38774437653098 0.758682034446806 -0.353406152490851 -0.131933821454327 -0.441639648475547 0.0646680291186545 -0.22368753408601 0.0621614778030898 1.54184269471033 -0.493756001591618 -0.303342783574625 -0.0491446860248813 0.486679983190694 -0.201312966469756 -0.556783569021779 0.0502536713842279 -0.126918029162489 -0.17544681467251 0.000972027087949606
32              -0.784938744397366 -0.497071922810471 0.712540309390805 0.936150620504937 -0.593816856355727 0.350473778412318 0.254123587299117 0.14289695026897 -0.06649004032145 0.178035368316038 -0.339772035455792 1.19922369350178 0.256002126928333 -0.021127161910783 -0.143522358552015 -0.663322738574445 0.472156196419672 0.700798441454795 0.793825221824718 0.0411393360162243
33              -1.59310304000831 0.808698534128577 -1.34613945798013 -0.341756373119448 0.0479968061657926 2.27961462073127 0.297550556826851 1.29782247393444 -0.247099599199848 -0.19984935932561 -0.140420815003648 -0.0745747238975214 0.120945161812641 -0.0317053235559559 -0.00909331535739451 -0.268145152240305 -0.0496291259847404 -0.258079568091245 0.285147004463599 -0.0309523924456261
34              1.37627324817441 -0.164651285003279 -1.14098871990096 0.469307869899805 -0.642527681314134 -0.228818459381116 -0.173097883421325 -0.496061540256859 -3.8222931267438 -0.249505987948275 -1.26797955678411 -0.343542215588889 0.0431644247756037 -0.390756710830819 0.103182651613259 0.193567329063381 -0.0727918141287546 0.165625065053239 -0.395085427830035 -0.185526339673932
35              -1.85012643238086 0.923298425517937 -1.66067341151169 -0.411969225901207 -0.0246955091768178 2.91808416152373 0.25341404469458 1.64971955806506 -0.368045955598711 -0.162679180533877 -0.173747359366015 -0.123380428554954 0.160147496646205 -0.243894367509098 0.0822782156391394 -0.457758660136394 0.32463655489487 -0.330536811626618 -0.895030829421313 -0.137433546973803
36              -0.782384730077617 -0.988858168666318 1.40040205241552 1.05901629939165 -0.792502221982762 -2.79519642595178 1.74075467593779 5.00125386106352 -0.329159563794998 -0.218554796221882 0.912502113503802 -4.78258428108447 0.213852267934211 -0.565101191397117 -0.886394719918733 -0.246757088188593 0.526429569771599 0.328388926311065 -0.122163477667745 0.0194292123411223
37              -0.0552205819876383 -1.269629704101 1.17176507461046 -3.08486353588486 -0.935025742033333 0.207298996552811 0.528681317449531 -0.180015717107106 -0.212120235390697 -0.1285150646342 -0.283380307368573 -0.267459568900583 -0.170937769592947 0.774861497027008 3.0590651859784 0.250673666596542 0.633219304476624 -0.286971420623188 0.0739271473060727 -0.292866748299375
38              0.331117156122018 2.36062504174421 0.774576099946088 -0.353485361900962 -0.0964764929097671 -0.567702105808048 0.177322460839381 -0.569897365257837 -0.166418749842019 2.93885573474489 0.0225589839995015 -0.337679334431951 -0.180949373288913 -0.816907992612122 0.057475170006647 -0.708507767243078 0.82748769894426 -1.31653350259049 0.25194057603459 0.208918708832809
39              0.136934219851766 -0.689832965060741 0.314943307590955 -0.711734061829234 2.20202757965407 -0.207687129736897 -2.79138332469751 0.506066796621661 -0.187761703842806 0.409522997825967 -0.15440561240468 -0.0203720692426302 3.86826235393097 -0.610561548338704 -0.260837553190184 -0.20623666820747 0.342076747702176 -0.288257554793863 0.142654562310814 0.0328101122660391
40              1.69547528796387 -0.101522746283182 -1.11395244971081 0.231069208000104 -2.82799428032671 0.276188929310372 -1.93506646505204 0.946100498561656 1.74462304397779 0.488421902266827 0.905994691392389 0.28735453469069 -0.0231468985755601 -0.387764375549477 0.195443521439105 0.128947374339664 0.144841449076317 -0.223811840097087 -0.0701944272394957 0.130905782255989
41              -2.72806934744864 -0.167643482778328 -2.32417524551242 -0.496655007059998 -0.725802328819934 -2.55121939111531 -0.574744121019924 -2.16776143036227 0.627286029307732 0.1076974697457 0.22220506065749 -0.264888715237383 0.20042531560785 0.0932977266711486 -0.401382858409596 0.120978772762526 -0.0784829712649475 0.257859854952211 -0.113000296207372 0.0325862175522733
42              -0.120730499857899 -0.549823503729492 0.456838896982394 -0.253229535524499 1.7248138498076 0.070789817582284 -2.46349443835535 0.402081279155729 -0.053509077312241 0.155023973311649 -0.302075444261996 0.209810879798979 -4.82061913058158 0.189454334808539 -0.951612041032523 -0.340488164317704 0.369188051459045 0.193305899949896 0.191079929682389 0.0614026117286895
43              -0.923889668321935 -0.886582778427872 0.892413546190514 1.07335772938038 -0.892765354983837 -0.721798972765187 0.591445747697966 0.688725117936942 -0.331303347429622 0.842049265700517 -1.04106434348239 4.15610292238917 0.390717670913239 0.279714262611546 -1.01855227092025 1.01753689176246 -1.10195991970103 -2.19135507437473 -0.436587135625394 0.279617557226404
44              0.0367980966831363 2.08458955448506 1.10411758107102 -0.106281689541675 -0.328577973992576 -0.521516815965917 -0.627163220971918 -0.506501484203913 -0.090507116935205 -4.12382994467322 0.886186656393449 0.959913230586505 0.168010224008524 -1.03751080240306 -0.0690318480843106 -0.180004915261309 1.2553580988059 -0.550671218516949 -0.141727447521521 0.115699379767794
45              0.144844639405686 2.23786621878104 0.837343084891696 -0.323181030916293 -0.00361642926764688 -0.417445660537422 0.0567002476407397 -0.133045633545021 -0.10495342258186 1.11786044734072 -0.154321712469901 -0.143596311481954 0.0402250932993203 0.431635136492159 -0.0969393217194799 -0.0373917601486555 -0.199214607136144 0.0101481209573306 -0.458157971516408 -0.304908992940983
46              -0.0539497496181576 -0.522024250393067 0.440337859313043 -0.0959874590574123 1.39408373611233 -0.00225614534405864 -1.78795690713734 0.395210777088997 0.0185181271116728 0.096382256193648 -0.130575285751882 -0.0535123684033012 -3.21272525309967 0.193428175759778 -0.790710623311584 0.0271677614388062 0.140833006330645 0.179560280557839 -0.109434610581364 0.275262801300036
47              0.185949886047122 -1.20970885151785 0.951743608528498 -2.94895348895653 -0.758710566937962 0.35955432096391 0.712247357233971 -0.318621919454349 -0.111137651983933 -0.0887931915472814 0.0986406084796541 -0.147265375429217 -0.0593335342744036 -0.169863822742226 -0.150629305662114 0.0628598732248018 0.0429280315401483 0.0781480059884913 -0.00738805597003019 -0.335070545697456
48              1.23312164489739 -0.154368445352131 -1.06042215871047 0.389764066845682 -0.449485627360631 -0.193182396975891 -0.0307715451129446 -0.31792751702344 -2.30698796179021 -0.277285646079999 -1.0746229574594 -0.31496704514701 0.00405588731380102 0.0810191748453177 -0.0833532036751151 0.0278420267381466 -0.104128964891935 0.190374967629406 -0.139885453686307 -0.189901363125564
49              1.61015455278802 -0.106465020109924 -1.05160905011305 0.239336800553182 -1.89622707576373 0.158895208624777 -1.16530326460685 0.56147129755907 1.01159214149858 0.264823864352809 0.630123851702862 0.155597420706642 -0.053822532696595 -0.253084265019964 0.181651331825781 0.0674023026297741 -0.00328913314906998 -0.000247008726753755 -0.0618840195748579 -0.276046984094542
50              -0.536192828801851 -0.754344249520296 0.949074981484999 1.09118113322903 -0.455812539300955 -0.285411804933964 0.519418877271605 0.373173556567736 0.0175068771458364 0.229127445213629 -0.44158826436795 1.20701749352071 0.204644226686996 -0.109787110767891 0.167694243108361 -0.289119893469367 0.0891965499530833 -0.0599278903183912 0.200356426071136 -0.183994761053436
51              -1.39474561489886 0.687318068686057 -1.3224678380129 -0.279742296617572 0.161178612160522 2.12844900623195 0.364418612335607 1.12918682416176 -0.173798385154894 -0.171875386318406 -0.021650878868488 0.00310354001495177 0.0739314435493713 -0.22925478862158 0.0505228797506272 -0.0830410019474054 0.307599047750284 -0.0819221175097846 -0.603942033139829 -0.224044469313138
52              0.0823457147271933 -0.627293555885601 0.36922268215526 -0.576757241843333 2.12058677150438 -0.165648707376016 -2.58674580305511 0.55399397986558 -0.190597285871662 0.32753957072105 -0.0105965635866784 -0.0812705081538073 3.02757304809254 -0.243754508526272 -0.154794975726305 -0.0334407872488905 0.0312795432864088 -0.0553367041386691 -0.0514480528344416 -0.173866764750644
53              -2.12413411585835 -0.078152997495072 -1.73179346831874 -0.285594307885456 -0.374368310350444 -1.56574436521482 -0.249186259591617 -1.09691192942119 0.346762618731173 0.0225051127549014 0.083409997965523 -0.364587301176781 0.0737971103314483 0.0838051960382222 -0.0940795045549632 0.0325442339459054 -0.0491295199249343 0.179269055658236 -0.0628680356029088 0.126990893934667
54              0.156217388345936 2.05337180940007 0.863529003090612 -0.247607024661038 -0.0340990157112197 -0.460936004813283 0.0743880769436194 -0.192139922749357 -0.0407636447249643 -0.318940691101218 0.206081798878329 0.144166890874361 -0.0499545654510348 -0.443541460250323 0.0124185409224657 -0.0458383207538528 0.218284237173129 0.0466550006720523 -0.24031280102422 -0.386924575718067
