    54    20                         
1              0.0321839614100552 -0.435959744776275 0.502841946575461 -0.135063788281596 1.33293574093693 0.00944778203072556 -1.55737576276818 0.496823093693862 -0.0625500190316231 0.253859611961976 -0.396965170640083 0.341923350736188 -3.0522563129947 0.515687126066094 -0.789746939794335 0.768882172611951 -0.815060678712607 0.857979802652822 -0.566284041827832 0.767935570860303
2              0.117640888074103 3.89916303610754 2.07935637149876 -0.89219705573368 -0.799093922805952 -1.25520359752266 -1.0173204514491 -0.0412355671899263 0.274551807936203 -5.44161441205127 -0.113206815837464 0.688585838155047 -0.0373959963702475 2.10550075586275 -0.635858566343759 0.376981304432708 -3.21773185963586 2.51601713532078 0.627904469326261 -1.20740315933142
3              0.0822289052626792 -0.694929551443777 0.245779777077851 -0.458587378376625 1.86782603881895 -0.329046234801516 -2.18435632375685 0.415020237004458 -0.243278364540175 0.509220990588453 0.0950857077250265 -0.0869564023815495 2.34840819919162 -0.18436020424874 1.13094453626078 -0.261402184225385 -0.140199967712983 -0.568627454390545 0.141683677035783 -0.358456657442416
4              1.28849953076025 -0.127993161718559 -0.944509914153688 0.312347504167726 -1.43634189212331 0.0588499277376848 -0.864628895572831 0.624982820280831 0.129238523383541 0.366581602540453 0.373158240093166 0.1908852013637 -0.020530604373211 -0.582185432077245 0.40675554616099 0.047853998254073 -0.286627741594542 0.311959762673268 1.19282271924326 0.392558944059642
5              1.78676866500276 -0.105626615119709 -1.26735761562959 0.225335304859832 -0.847755954555781 0.18159786535476 -0.464348339817271 -0.0719929039145923 -1.56472989115076 -0.0438626207944142 0.522892978893322 0.125953164235523 0.2432745375077 0.373938319932418 -0.373998637478253 -0.104033805065476 -0.198859042164858 0.520754745778382 1.54590032371031 -0.11339347093871
6              -1.51040881808412 -0.0369421611100724 -1.76695311630902 -0.58386941248502 -0.403623541818969 -1.54578851384818 -0.457187143723185 -1.14607189394662 -0.217474001701022 -0.0763995406743338 0.166864988848515 -0.746289362142566 0.010606682203077 0.380780197641233 -0.0773356120849524 0.317826634033401 -0.623647843137531 0.860548869945375 0.888460602823586 0.701081555323569
7              0.170381492906136 -1.06663373643591 0.888917483961928 -2.75781541114941 -0.649511469159631 0.360078142089944 0.713006206169729 -0.139013482575878 0.0577855786599642 -0.00767137098890221 0.300573711743074 -0.0598450799733136 -0.398784342231264 0.660187690938363 0.628712203922831 0.155060329390407 -0.0956811333753424 0.302984423312618 -0.0958370104283212 -0.145514894530409
8              2.01890204461432 0.033616229888523 -1.16692868098958 -0.0617817721703531 -0.151861763685741 0.236642586882281 0.913482701545799 0.162672489998362 3.48934701844233 -1.08649397162539 -3.68093428056984 -0.81425569950297 0.527469918404434 4.80435907471183 -1.61124602738127 -1.49775330947365 1.09164741465291 -0.136923682631981 0.410868298906153 -0.148727701768494
9              -1.48377159957735 0.722822685159884 -1.50808672199572 -0.16300385516664 0.126639804179203 1.49763385469503 0.164686005165883 0.766316880544627 0.254260760436429 -0.242765930531634 0.293662704884364 -0.0598677360394359 0.190041221114116 -0.521153371050917 -0.270626642873396 0.218450598936208 -0.708638076076216 -0.49374019358185 1.15709451033108 0.41032489297091
10              -0.913530008400116 0.602129515073847 -0.740075521426393 -0.16862454278204 0.450009379041587 1.65668228743214 0.442878201483416 0.892070307210681 0.238825771052367 -0.348882285716688 -0.0158406940870202 0.381473933146445 -0.583246365672564 0.253810467095589 -0.214879585205117 0.337789314025643 1.16257321008367 -0.269087006618771 -0.528389454813404 0.332086080455832
11              -0.70345628821739 -0.859797279912667 0.950647932294488 1.08690598781525 -0.575534504114066 -0.502020629868079 0.518910879224806 0.810858895575383 -0.0610720304956629 0.496677637286383 -0.735234620205712 2.31085327910749 0.437639841935061 0.119239473446481 -0.981487174556781 0.565661139720174 -0.334252926079157 -0.965465408671366 -0.442756241014234 -0.758627377254094
12              0.791336385831456 -0.249921460708923 -1.01959208373552 0.382496834045685 -0.201296442845762 -0.443922473007895 0.0813141211516175 -0.233680148880732 -2.58285702408116 -0.273674625417418 -0.482518369464461 -0.112428397065021 -0.216232882851249 0.326162287123817 -0.0699162759796526 0.459596924665615 -0.0693572067665651 -0.0391351155592505 0.044235273656656 -0.206604406830294
13              0.353777726836654 1.818407672077 0.845127596506798 -0.414166074838428 -0.0241795732320306 -1.02188124551996 -0.12393641332804 -0.0810319353459974 -0.00675736201113911 -3.34818325224089 0.901599219415401 0.820063821733593 0.024854277095165 -0.239876616319932 0.472469789485191 0.514950576962912 0.703776818454436 -0.794909156491329 0.110238435124247 1.83182984567086
14              0.554740221454072 -0.270300739481213 -0.342510158639971 0.137263450235583 1.01220294803326 0.0975048553412191 0.611589685523234 -0.210159404354386 0.186972249095733 -0.118644881612237 0.606284374979327 0.892720609782224 -0.346154405099244 -0.388700928350082 0.432199995464388 0.247108475381695 -0.211424150835732 0.313895251167616 -0.891130798651002 0.275942206257953
15              -0.443079070991177 -0.327566069289616 -0.841223913486081 0.0482747314823799 0.460253451304636 -0.511713340123436 0.162099856159264 -0.248476200772679 0.234473909460237 -0.0985434542738545 0.64420925690477 0.0235157698959489 -0.423802897784742 0.465185897477225 1.40166522838884 -0.390890009670742 0.378133962640018 -0.993501613044112 -0.367300092236352 -0.0626969640309603
16              -0.0614685478959578 -0.660791030551128 0.507812501942602 -0.550324645104006 1.99562161930019 -0.172806897870726 -2.87959659416025 0.666389611276601 0.0408870162343063 0.283868849572424 -0.477880485813944 -0.083285354951538 1.1778030605067 0.545214360220645 -0.410912423338831 -0.0225487943350164 -0.281610976684339 1.13088385474637 -0.469608122978926 -0.696053703797922
17              -1.23660824018715 0.860571644186949 -1.19518409735375 -0.464444727322531 0.150116594726855 2.1862240497679 0.277221643097726 1.24362965967411 -0.0108125864571683 -0.441655625233249 -0.419333885647401 -0.292008402474772 0.338477039469297 -0.344045870218436 0.262315372572256 0.0717252806339269 -1.08450698208684 -0.0585171026313735 -0.669601363421324 -1.07730075085159
18              0.151047995234539 -1.20204700834361 0.844228544610989 -2.80235920184048 -0.831741463035655 0.501600896626329 0.897763189685751 -0.303005072095488 -0.157313421722693 -0.128251854147123 -0.0235223986044711 0.1471157929207 -0.0157822926069664 -0.188146396962409 0.226147517916073 0.25006905600451 0.430186443304347 0.631251228055508 0.226420943297042 1.17976614923024
19              1.8297672613471 -0.171493006140264 -1.26695743923734 0.291916606289002 -2.7330414707214 -0.0395715893417419 -1.92032660473997 0.789981494780347 1.41806709225752 0.16882787683407 0.515891671399145 -0.14150047522983 -0.255407130517821 -0.124690826836088 0.450665042457475 -0.52534043347713 -0.23477982197868 -0.254821956190415 0.143517876154597 -0.237426469761242
20              0.222604704946042 2.17336128225982 0.795340482687849 -0.335829199313551 0.0480776465229655 -0.535402529774825 0.210092794752873 -0.538138766849193 0.620390732434327 1.86398946229486 0.178236560997408 -0.446184197177586 0.115714417346153 -1.95525307752774 0.255383278303584 -0.966930611509513 -0.201276700801525 -1.06547128352725 0.0298159370824253 0.425763680897702
21              0.194354066946268 -1.5063352167623 1.16398906933233 -3.56168970170746 -1.26454516430101 0.534991091383946 1.28891423649636 -0.365028761919056 -0.228844483649509 0.443060440861582 0.277729407374665 0.184068542908933 0.185364000396048 -0.352998424022918 -0.797651333620323 -0.56778138626287 0.95036371505321 -0.369419100396821 -0.273287299845868 -1.01578323819776
22              -2.01740125342032 0.874143606095737 -1.31313681776443 -0.483581668933135 -0.105423070516985 2.62048353302753 0.255640325872054 1.76417349188848 0.0845806849552549 -0.0511708483351884 -0.218291118590327 -0.0228210547187228 -0.179717290029391 0.0521306977337872 0.203063061742557 -0.509115862492437 -0.206138996756083 1.33306676080628 -3.59348419373808 -1.19926669389682
23              1.18024376227468 -0.233656515335898 -0.988900549068184 0.327762185511486 -0.29631979455163 0.0444884342185667 0.0312932583493893 -0.156223783873451 -2.18954877762513 -0.727788693065015 -0.819219111455042 -0.297982304089517 -0.289427494349273 -0.0958869183596003 -0.0688430689607308 -0.293511881760409 -1.02366361300088 -0.387505156784801 -0.111608429769898 1.17817142530135
24              -0.596843937621669 -0.716837078642088 1.07316130996245 0.908497693517312 -0.439603411547328 -1.26926061720809 0.477125900751536 2.0031215125213 -0.153226954103371 -0.087784525094798 -0.10154421176373 -1.25699900035884 0.330135171646777 0.104110133953908 -0.444539278776631 0.362171227790028 -0.417262287246467 0.103497580419791 -0.0334831308907244 0.110607487716512
25              1.19758170367037 -0.139909834621268 -0.874445936470448 0.351243426266294 -0.186997076819641 -0.108488907420382 0.163710608409217 -0.396002387298172 -2.39069605920038 0.0775412683203871 -0.820873267003914 -0.616208860446258 -0.387786830227082 0.398488815970163 -0.331129776836217 0.15598535482163 -0.467752384996056 0.321746807545985 -0.00533103452663302 0.805318931336484
26              0.0111436739986777 -0.643427674065393 0.243226543825641 -0.478497617275794 1.61131463454051 -0.12135277522202 -2.14537825777353 0.522068822099069 -0.227328833009301 0.191090174081229 -0.386875159343577 0.136154322969546 -1.53064799223651 0.603354046635337 -0.63155992078835 -0.142703064197368 -0.35943118074665 1.26096472478846 0.479821268442089 0.489577742624385
27              -0.87025206591511 0.536619147776973 -0.431756292078584 -0.0762193359391677 -0.205664584818774 1.7038727177209 0.234157340363479 1.12070724797611 -0.219521893518552 -0.384617657470845 -0.456035044146065 0.764609799471723 0.289047205211734 0.118452506570215 -0.503895511879003 0.726389604088878 -0.170539204548653 -0.313029418837779 -0.437881358943427 1.30668392784099
28              -0.487302054335658 -0.702884160780142 0.702559108498963 1.01527281748787 -0.49742091256765 -0.123807424647677 0.389142282513143 -0.0394334435466947 -0.0933725635617576 0.37063817588693 -0.306970613588807 1.09511863522061 0.287729895544324 -0.216045816998598 0.159170155350843 -0.891903112874488 0.763981651925209 0.63190366029504 0.557232272687927 0.301726619123105
29              0.229942364295412 -1.18887203676652 0.826390996969709 -2.94994512703175 -0.895473307895986 0.265961327305496 0.754093300986653 -0.16682427141167 -0.108736535905118 -0.125195624826217 -0.106142234414894 -0.420929212528777 0.00331278207981617 -0.145484135293737 -0.190836330851138 -0.0348462957251025 -0.320932764609332 0.544503164173064 -0.147618162668803 0.25161310396791
30              0.165743988153202 1.55391129873161 0.91723817628795 -0.221732367979195 -0.133965657280201 -0.624911047743975 0.0217549511436966 0.0532866849405539 0.0736728941241426 -2.19524773322445 0.107413665381611 0.602963830507845 -0.0764333288515143 -0.0744097080386099 -0.52024290579843 0.167255289655739 0.225991394670576 -1.00626400140774 -0.0649850925416125 -0.784765578368944
31              0.250291530547135 2.32869397340206 0.754659023488077 -0.224157892883537 -0.350035628604532 -0.451859164173005 0.128787035790868 0.0779444378613626 -0.0638902485115615 1.14195018653821 0.0960481296555029 -0.30306053014963 -0.140833405667917 0.568263469066641 0.134772270484571 -0.360719432075195 -0.22266503843914 0.155623332793655 0.545864002355212 0.00618391711730637
32              -1.09940010623803 -0.204316325039626 -0.736327809986961 0.168919361074135 -0.121068640839394 -0.463513239646111 0.37822586371552 -0.402130135687743 0.327407175890321 0.174047465079772 0.368166196652579 0.408170624042445 0.281303573869256 -0.803519437585496 -0.344040090058985 0.805557287144316 0.413845829492708 -0.135300299343556 0.0227522670151061 -0.275546115292424
33              1.57066267560388 -0.046365200508709 -1.16777108413424 0.21522287496299 -1.95322913211233 -0.00419701982181099 -1.11578521358752 0.66369342181844 0.793776520660034 -0.123049949825638 -0.0122124925569216 -0.13916032164797 0.181257573192293 -0.661194953896645 0.163742125362787 0.728878775063925 -0.579361166051421 0.739953322639698 0.0581503659763101 -0.0348135076802283
34              -1.38766464341479 0.559122459929251 -1.05405995040983 0.0171550681939113 0.263971791389131 2.01209239166393 0.251854007203639 1.7531601994458 0.0161743694309313 0.230731286024994 -0.177762318446405 0.293900114897072 0.683021931410253 -0.993651955243927 0.373388364320177 0.963780776431758 0.43211649947702 1.05319294581632 -7.81302220094099 1.66490593116847
35              1.43717746524244 -0.101312199173735 -1.21935410204695 0.441288818083013 -0.799957333388092 -0.353125485463818 -0.278577727967565 -0.573333623198148 -4.01296278839633 -0.000322503325159263 -2.15547595850943 -0.471924610996614 0.258758365978127 -0.121095918033056 0.267399459145595 0.896265927909842 -0.862010101410523 1.86078740053686 -0.933781804233905 0.17598908229478
36              0.0972523375352983 -1.57520275114053 1.36022533467298 -4.38950123488642 -1.41858481271137 0.792321924953816 0.589615688002819 -0.244835072248664 -1.04518850963912 -0.156706339200109 0.0359420046279462 -0.405856185349854 0.546039917565437 0.434980304913457 0.604742710092174 1.15653653791382 -1.68622071712078 -0.963026778120895 1.93926576555215 -2.83019755184619
37              2.04462741628917 -0.110519414099387 -1.31410318943078 0.266026779377278 -3.42756966377649 0.734605166392212 -2.64331314003099 1.49193514029065 2.07386918185823 0.639925542526536 1.23565426004439 0.30016864563063 -0.031476840041532 -0.389128244882391 0.838488133489934 0.387792944570479 -0.108583018463424 1.02749680397463 -0.744750174298981 1.59887758511684
38              -2.35771283596473 -0.362991726462985 -2.49637160480654 -0.463919363981564 -0.484772445922032 -2.9753263880172 -0.475196582634999 -2.55426780918921 0.82357952489878 0.0350464189091711 0.7575627491295 -0.387539129934446 -0.194553546349632 -0.112488784566043 -0.28177407403346 0.222402121871025 0.53977855512528 0.0977176823728786 -0.109980784647178 -0.39117799729884
39              -0.99407442124627 -1.03210181595904 1.49487711595978 1.23298628041975 -0.96453257594554 -3.09124625998649 1.69503584426469 5.4178370914177 -0.15293993440125 -0.65056869406266 0.370219874203982 -5.68068123774536 0.291252265816563 0.180606119093959 -0.127447997512186 0.143267835804978 -1.17455004350572 0.579776989330585 0.588251857376445 0.263072948203237
40              0.333218359502938 2.12040784220317 0.431883710421979 -0.267452755577501 -0.0273739144085632 -0.328679038453825 0.278316659119685 -0.357255480754725 -0.179546171919634 2.77619566698298 0.103284121855215 0.0762241190006316 -0.42719066458078 -1.05127629715981 0.496331540811833 0.342709923487844 1.96469528719837 -2.50055127666835 1.96611930564556 0.965952334412151
41              -0.707156973243017 -1.06820781565879 1.37322409283581 1.30596684585186 -1.38231004859263 -0.126978401415346 0.557620724944119 0.0427652962889751 -0.149245447729609 1.22059054417987 -0.761831853654883 3.61615838937969 0.204750014875188 -0.147867893865142 -1.0194080142962 -0.72491206432406 0.7307708607569 -1.11642488458312 1.76317235756605 -0.663708077489613
42              0.347800493757751 -0.578015466111934 0.0808466390285352 -0.385474363148239 1.65384774425644 -0.154013973878463 -1.82630800920869 0.120818710566374 -0.115603272023492 0.266591156590126 -0.207979863911603 0.127612595601105 3.04470257592461 -1.62921468253003 0.470393751090213 -0.141940880400754 0.984196910799445 -1.46223491724372 -0.615555551618047 -0.33103352983361
43              -0.348501672687989 -0.455741484967916 0.262219148893245 -0.215967967145764 1.52590471129556 -0.0398196263948443 -2.5888659717137 0.924938140911436 -0.379663945896393 0.538890336448975 -0.141859162810298 -0.07879333898648 -5.71558811985222 1.45022114054324 -1.28937203503637 -0.0365246024357227 -1.6980028886639 0.587573796737083 -2.12732755769101 1.85738679784963
44              0.345899612560726 2.47748700661052 1.09900304653755 -0.159313737939564 -0.554436511925444 -1.02868626219669 -0.926984046349976 -0.489455310822866 -0.0699982221588417 -4.86230612633848 1.14234032198632 1.24097546089172 -0.439141486847687 -1.6401932661945 0.0546572375786008 -1.18670990578121 1.9957362121411 -1.32575454293568 -1.22614162266555 0.899379491575709
45              0.0277604019835452 -0.433629370703563 0.329414385767001 -0.100179356739141 1.32445626131767 0.0666643569460713 -1.76636957518167 0.213107434641794 0.362073863646345 -0.119709086788533 -0.196979397982331 0.413199885892063 -3.23542924469232 0.377947058361031 -0.691718838580682 0.297370823965152 0.171077377906924 -0.387952934099051 -0.380904677793774 0.467926026401859
46              1.72825021163691 -0.0056619678471492 -1.07706364808877 0.395091533013975 -2.61713742434108 0.286380722407207 -1.9307748038822 0.847354243898008 2.56831347564161 0.412294849823987 1.36760087017002 0.924119317412323 -0.449855980128813 -0.57399272064234 0.434134417621382 1.35189043400697 -0.281568109392323 0.74352670211509 -1.4080120802992 0.00617355519975146
47              -1.26754079780208 0.818980694615278 -1.32907974373179 -0.231818111444761 0.283092799768682 2.01987933010668 0.230700177260721 1.07238069909262 0.192870125660894 -0.33096953861462 -0.378552467928554 -0.2197463256826 0.366831424246313 -0.710640280493545 0.227362626104539 0.307487816604432 0.188174529626999 0.642303826625314 -2.39572352798826 -0.783933871857131
48              0.0979734000009944 -0.630480057118944 0.331398720881686 -0.620764721667974 2.0000604030116 -0.158198071159547 -2.51260400537595 0.66133441843451 -0.201518916134087 0.237684861015882 -0.382993042181824 0.266210203841814 2.67268327454712 -0.000159274424970056 -0.121350619290141 -0.177554101691998 0.0592293000887767 0.555541359790869 0.316560618528032 0.700921821469021
49              1.30039084199766 0.0413553419277243 -1.02714893946941 0.320258747524533 -0.606501038387815 -0.207242581431893 -0.114301401892964 -0.344273040337539 -2.77882298783614 -0.00659495592923898 -0.548124350062061 -0.552006527333043 0.115783570754798 -0.268037494483828 -0.667557454849787 0.286057525980443 -0.888803939723088 0.0981185052279507 -0.115650841706414 0.96152539163983
50              0.093173372281439 1.44587810240128 0.588006228765367 0.00905030292164396 0.110044691170071 -0.0454369434379734 0.25717047226085 -0.311982320066367 -0.259137130425802 0.127162717164197 0.0722525897267773 0.349790229894942 0.347141141848898 -0.644678832017138 0.0718464441450856 0.985675957476889 1.7957164756876 0.89521836985815 0.875606016368908 0.135089644158465
51              -0.449538397857609 -0.583779453549231 0.825352105871854 0.999273592220223 -0.306397465362555 0.0535624420259482 0.135201050652224 -0.241746906428916 0.0172993701977348 0.313380838340321 -0.394845321938942 1.53217881402793 0.147877165531592 -0.399618166736712 -0.298519060790092 -0.562189235705312 0.671486713441827 0.102142202442191 0.156994735762727 -0.227552318283686
52              0.278525949540954 -1.31061294920164 0.918797353820248 -3.0205370891094 -0.847762597663331 0.178294379368515 0.457576884143199 -0.302145042382126 -0.209335483606945 -0.44278917870533 0.123669355860347 -0.428115820654067 0.0999755696844846 -0.472744042436739 -0.378768253024015 0.312339330814328 0.0425882388562306 -0.155025927995543 -0.749528014397768 -0.814562848682143
53              0.23975614672901 2.28462706714641 0.780876634957381 -0.337190455990857 -0.382744164401505 -0.318385362986563 -0.121909513926001 -0.0983383844328439 -0.0878822052051882 1.78362125191372 0.0627460043462612 -0.26451065187486 0.178612347199104 1.37710449455884 -0.50769268633013 -0.339655118873558 -1.09744094605462 0.115811813251526 0.80274280013963 -1.75020930012304
54              -2.14631723574692 -0.120812105612092 -1.84710327272653 -0.415735758250468 -0.379913011593183 -2.06980833691699 -0.208391373944886 -1.35440586989362 0.207678897283307 -0.0868496241832169 0.365837620915482 -0.641333920414634 -0.0546807171013572 0.0635170246074841 -0.0689112587837499 0.310473455890217 -0.411328448688111 0.562417395551729 0.250202036940692 0.821153471672798
