    54    20                         
1              0.93162275761567 -0.0421013220004942 -0.952848447059355 0.440699723959762 -0.028268391561346 -0.130569171057546 0.239069769507714 -0.155986580712246 -1.58763420457581 -0.15773765232047 -0.0517228811175892 -0.0391446043641497 0.195985147004165 0.433242211813811 -0.336909628949485 -0.169833293392071 -0.113077511933301 0.764666034680764 0.223408574515826 0.681111447660616
2              -0.942258199673847 -0.977912921583232 1.22218032192764 1.13364976576898 -0.547613234093337 -0.17398245001917 0.442213458951558 0.175867242950122 -0.344011999134747 0.527726558895349 -0.756178843838902 2.28473675996078 0.236056010825299 -0.126382072141767 -0.492171908443197 -0.88977272057034 0.192716506503214 -0.360193862502709 1.3348018442339 -1.44390419581652
3              -0.187626012112154 0.493178333165735 0.530380527813813 0.0371769334395713 -0.0990861199477405 -1.00225007264201 0.192720978435416 0.453865021300172 0.322631644857822 -1.55401959539839 -0.474522156953773 0.0650231140366728 -0.416584537466306 0.0199499571795571 0.067523990721598 -0.35789242703922 0.414384389729575 -0.333938978276559 -1.34798350638564 -0.804064110332659
4              1.85859249658809 0.0450093558526007 -1.26298551508986 0.343312626952977 -0.00331873287644946 0.137455839661784 0.905563422607274 -0.230324223960999 1.66924670352451 -0.851093733124088 -3.76604515222982 -1.0374335584181 0.268851022250092 1.52496830406679 -0.759300776487323 -1.29100833924476 0.485401132025712 -0.13433436476905 0.94876166137049 0.552212300848575
5              0.15811251200618 -1.25852923606607 0.999482023671359 -2.88206176336577 -0.628671822745934 0.650865704140482 0.550279381892894 -0.0709950227033861 -0.0054960485218522 -0.323896422332684 -0.171417266396613 0.0692638588678231 -0.146323912902493 -0.087378758252481 0.27211922489884 -0.31730804128982 -0.8395948762511 0.72183587617124 -0.0539453434587831 0.901842474503995
6              -0.00495941593277476 -0.645882860831506 0.180454392269398 -0.49327633944731 1.73075980763949 -0.527980283314707 -2.06867071828316 0.644489823373795 0.0374974854392426 0.257222921968212 0.128017705930838 -0.0767583160234737 2.25372670608809 -0.393722399144247 -0.174278990186242 -0.412695435102104 0.759169323606132 -1.29566313642218 1.01969466010126 0.031650815136111
7              0.101101755526854 -0.593839979042287 0.294970782756595 0.152201712093404 1.25358638405785 -0.300939304029177 -1.42850648448694 0.488237458458959 0.084566098224669 0.0224760861137334 -0.114467568041382 0.456258138506325 -1.90418303714518 0.0798496477614906 -0.131665782745036 -0.292447563689943 -0.512119030134207 0.404790832869476 0.26081800816748 0.650453330830299
8              0.763722232289136 -0.349877116618491 -0.737552020744461 0.269855565429852 -0.211028666472693 -0.563642149970422 -0.372877537826047 0.298793631253298 0.559012935592426 0.538077048451256 0.754419711556813 -0.251382615366905 -0.305053481964923 -1.00086325878755 0.291380564054965 -0.121980613840316 0.267399616537699 -0.644528500515496 -0.0588819543031552 -0.0690715646302777
9              -0.913530008400116 0.602129515073847 -0.740075521426393 -0.16862454278204 0.450009379041587 1.65668228743214 0.442878201483416 0.892070307210681 0.238825771052367 -0.348882285716688 -0.0158406940870202 0.381473933146445 -0.583246365672564 0.253810467095589 -0.214879585205117 0.337789314025643 1.16257321008367 -0.269087006618771 -0.528389454813404 0.332086080455832
10              1.5720559606318 -0.0716094174249779 -0.836708401073594 0.00856838056973509 -2.06697029923133 0.337725648761364 -1.23834800037627 0.572274458002342 1.29038711688227 0.751512641877956 0.942725272378072 -0.177436573442381 -0.212681414403851 -0.540204116659654 0.810151365194434 0.682398281271296 0.0502569537530781 -0.0415383422230352 -0.132854933397048 0.833386917550925
11              1.54023976021166 -0.186908521167934 -0.992881485887778 0.307406780779231 -0.392565840780462 -0.182056372390791 0.135952286336636 -0.527827252410405 -1.51227790389949 -0.186922559228602 0.623817308933338 -0.00751237636175292 -0.558295505043187 -0.181583661614445 -0.159532644128389 -0.835471963197686 0.626817029776326 -0.940457369018499 -0.514006473026671 -1.10370368631708
12              -1.07703619987008 0.105627316856701 -1.08436265653005 -0.201914055898057 0.214261692796096 0.715774819165957 0.126890814150145 0.607803790548733 0.0598836080303814 -0.190902693645765 0.294988726965207 -0.167456810464321 -0.34357403002505 -0.232357833139422 0.0870973707015967 -0.421957110468313 0.382887678187393 0.803945599896033 -0.212334436331585 -0.575341674029406
13              -0.0614685478959578 -0.660791030551128 0.507812501942602 -0.550324645104006 1.99562161930019 -0.172806897870726 -2.87959659416025 0.666389611276601 0.0408870162343063 0.283868849572424 -0.477880485813944 -0.083285354951538 1.1778030605067 0.545214360220645 -0.410912423338831 -0.0225487943350164 -0.281610976684339 1.13088385474637 -0.469608122978926 -0.696053703797922
14              1.08718347176243 -0.040664108861555 -0.992740778368068 0.429417965951445 -0.285067462269289 -0.351840308437004 -0.0532560496057746 -0.439170165940487 -3.19171078410403 -0.364545735319498 -0.675722804874242 -0.301537888452327 0.150415219837366 0.315368036314918 0.237454674954904 0.0608110852741817 0.245662245740095 0.151822118553969 -0.210389296584467 -0.0199702422513819
15              -0.654660221428181 -0.728190162620304 0.82630195433857 0.891117546720865 -0.656405242710144 -0.59151181267431 0.340761653063575 0.511153476504336 -0.348274119277985 0.343513625194196 -0.446640952671625 1.42639320389439 -0.0854115281317141 0.161049381168504 -0.989477251121031 0.315010309867002 -0.488568384743078 -0.442181335066963 0.0978996239058326 -0.747253428316457
16              -0.170205132524169 2.28092508990624 1.41261862642911 -0.117589165519437 -0.426636122432356 -0.532531371826469 -0.372710783967828 -0.144220225166834 0.0844383386024919 -2.7706161641362 0.690820103104343 0.955598177397946 0.261875220803494 0.691780242353694 -0.677095277730194 -0.594483219602139 -0.754736708177019 -0.235286389675787 0.441426554951255 -0.379218802340606
17              -2.31866589860723 -0.0901540079450351 -1.91807581093939 -0.372810016502002 -0.499914025006256 -2.01373857366748 -0.51645011027822 -1.58265801670572 0.247619770809262 0.363879349916449 0.175456861402951 -0.427513945484115 -0.0117321425174474 0.244215623691697 0.00803706531725752 -0.268512518764473 -0.0903454584516175 0.312647218289232 0.34398908926567 0.424742314605062
18              1.72661338872454 -0.172839559509973 -1.15668254061511 0.319861439791883 -2.40988199039252 0.160000771741243 -1.36663146500945 0.592685774627951 1.18092192942852 0.47080411000723 0.411803221488016 0.0931186199062214 -0.168122773745145 -0.42107436484955 0.279014640151529 -0.103092049412188 0.127988486073055 -0.122639156860705 0.158422563300738 -0.0153412937912334
19              0.199758286238172 -1.41682029679531 1.10295130699099 -3.09121352045593 -0.716066796620407 0.429842306238941 0.561193342113948 -0.168800590527925 -0.145279870277363 0.0414642146285977 -0.0050304330275543 -8.5873185729126e-05 -0.0771168259834861 0.426176439046247 -0.114228848148321 -0.279406822412347 0.0265182926038608 -0.135155363620431 0.00652720177061854 -0.338094527680125
20              -1.55548856045889 0.677894645664306 -1.23394494668648 -0.248149911939867 0.00193238002172526 2.23699743438934 0.370551930430063 1.07054039147687 -0.180497184274686 -0.132543526943532 0.0253712333658235 -0.132572363580005 0.165183396853549 0.1145239633604 0.620934398793709 -0.228467720767125 0.243390111116591 -0.372208594326747 -0.717794946932031 0.266472115001388
21              0.0860272981455585 -1.25903221094498 0.988028378562838 -3.28728176644958 -1.1917720294928 0.323819378635824 0.701880546026577 -0.635226823645262 -0.198532134681083 -0.229045611645675 0.153259607595868 0.073935618419092 -0.488155191679626 -0.832520098370137 -0.558601819228803 -0.0297232381303808 -0.611783705629816 -0.401794461412226 -0.245693029641091 0.043609639231845
22              0.46783737537212 1.99493798430304 0.794738422428912 -0.314594950399052 0.70718567324985 -0.45827686295955 0.659705361987512 -0.35012887487769 -0.388649016466905 2.45244556513033 0.41915851038762 -0.481031791579279 0.357833881619165 -1.03418124253023 0.485733735628188 1.45612500102973 -0.116829146721092 -1.33039182523568 3.591162934368 1.54493034965931
23              -2.32890962835691 0.985741521253858 -2.0954947819457 -0.528190418742401 -0.113598738884523 2.64350816647777 0.636986984178116 1.09461191133786 -0.152502094379818 -0.0894423157061699 -0.631984949434636 -0.366025244347183 0.260126482323669 0.157579201588743 -0.659809409219845 -0.868217910319613 -0.604289119293698 -1.13188005481573 3.31040229663856 -1.13180720118332
24              -1.25865475691183 -0.0751880938057528 -0.743745014028232 0.111992590276494 -0.293815433424555 -0.210985532683122 -0.00701022934949797 -0.307284674550571 0.118953804499526 -0.212126833748652 0.391394319847106 0.201463488453551 -0.252600254896279 0.409083695046419 0.469632050919274 -0.37127953617113 0.133632481256295 -0.616972281981119 0.997571701292443 0.133078959870716
25              1.57503705153181 -0.0982614234130529 -1.1595452956578 0.195900725066272 -2.25916344827813 0.242678092821941 -1.52742563190804 0.683695917207393 1.30912040018079 -0.0976256191574148 0.512441323028001 0.261630892493822 0.00393466516435492 -0.314730142861269 0.211048951224138 0.663622679261792 -0.0702427681235563 0.402619814884299 -0.214540813739436 -0.125960672845613
26              -1.51231017500368 0.891380504196279 -1.24087622541396 -0.381040254433161 0.334028746206469 2.60232841134382 0.162019025925598 1.50280599005801 -0.497516630752833 0.113211065790532 -0.116831703431488 -0.0732189266811249 0.442711672022285 0.21093665120121 0.287053616128554 -0.471011764233644 0.297064754633655 -0.692571714421927 1.26955872183631 0.950997389866639
27              0.224398526757727 -1.47381076712214 1.01727487902623 -3.39982831657355 -1.12509369431397 0.563727214777365 1.03826527667483 -0.315443971580023 -0.0946932574720906 0.0267184698969941 0.239644967839354 -0.0628773381078134 0.15471914444176 -0.481903428635419 -0.389745737076624 -0.26324723137187 0.528612096829845 0.0100443489172875 -0.039968748852616 -0.378223480734877
28              -0.645122233660347 -0.448320819978116 0.752072882162329 0.890082909613409 -0.777657662963439 -0.0843766240030117 0.418983384866102 0.0269394359341995 -0.0287387934277543 0.718878987959659 -0.175364423780619 1.81224223662075 0.632321553160508 -0.27605487271596 -0.210823331396404 -0.653821315500522 0.847206463524286 1.33359917466228 0.944162777034761 1.72137675281207
29              0.096228998157348 1.79161582876654 0.892604908318305 0.0394639677433898 -0.0807379100411904 -0.382349795582951 -0.366223192856792 -0.197818423748534 0.0503908386233285 -2.28431289618245 0.762570583092437 0.374293642570425 -0.0103736793731833 -0.533433291055777 -0.0487054988786172 -0.551995215903306 0.126500542897513 -0.0095346436736947 -0.61739690894443 1.20834063536582
30              0.134693326502079 2.31085056709308 0.660103233289215 -0.3970422967766 0.0187448892472684 -0.573923085640622 0.26027333612132 -0.533601634091253 0.11989589521578 2.64734257803782 -0.386259630570366 -0.19468921594147 0.36911653102122 -0.967598076799532 0.332157408647652 -0.327569585829124 0.109896499060485 -0.335065341507065 0.523697589335405 0.663306918499511
31              -0.775967143991272 -0.72554765839063 1.06511930409694 0.874832046637794 -0.830164701650073 -1.1168562848031 0.751535531953509 2.18754153208336 -0.185237992106778 0.399163973684294 0.244744244960348 -1.13842469617121 -0.38049008908046 -0.136878666657128 -0.501660086102516 -0.678094343930505 -0.0484938127424718 -0.50081248948047 1.28741986266607 -1.29708398680329
32              -0.0493087603304583 -0.742072770605819 0.54637240004108 -0.315469397905547 1.74743148610628 0.0909285480771714 -2.22239821066684 0.373805477033468 -0.0219021255536739 -0.0676140379707075 -0.0281827288224235 -0.32998956166446 -0.833574620858747 -0.107524331032042 -0.647782790500364 0.0365963778853005 0.834728731198568 -0.277012016799755 0.402217689283101 1.60427558729539
33              1.07083722851559 -0.0467443690208859 -0.969013983897451 0.297702350081172 -0.340455109643312 -0.0670131399945104 0.221091928789578 -0.401758003400236 -2.18206767631462 -0.190174883543068 -0.487621052046947 -0.230948346487575 0.126609447401659 0.58404202104327 0.0175959910148105 -0.0957890287679314 0.330715726701248 0.0490301911993579 0.178831639353904 -0.377428772592604
34              -2.28474601978435 1.13281655032937 -2.18506563370296 -0.509917208036744 -0.397733444338108 3.42678935935186 0.0992582953630045 1.81229320223781 -0.0786575022186859 -0.447231139048712 0.103271720966716 0.250100918651351 0.149062648273822 0.14042830458838 0.674633297994808 -1.44694871832496 0.622043824318953 0.592885458593073 -4.14760629515708 -0.907873367151034
35              0.100591092628267 1.47434226740417 0.59486588087352 -0.29930407692134 0.0960909303615875 -0.956450044193653 -0.534622402242622 -0.416725598253227 0.140622885149379 -2.9387711707046 0.599593302182261 1.15970933677321 0.097008003897534 -1.62169276223493 0.408418817204872 -1.44172339233947 1.59371387067362 -0.908697279495062 -0.224280863068054 -1.92637867214044
36              -0.110023623589465 -0.360412480432361 0.354217853080003 -0.24087465038046 1.65921795152942 0.0277987706361912 -2.33413257685926 0.545330283413077 -0.0797044391076008 -0.0878225338001191 -0.2892082374816 0.0970869190212842 -4.40322674014462 -0.434552380935646 -1.8677864059659 0.01715849115762 1.02822660671036 -0.667212781975023 -0.144640324831831 0.840443983849701
37              -3.50514101113534 0.0651343212939769 -3.00088992846002 -0.745383969032225 -1.16249273685422 -3.06513612666532 -0.651403285953362 -2.5783334232028 0.96632288648861 0.164114707966781 0.174779527684083 -0.784182331837384 0.197626042007751 0.529963036489537 -0.897405520988683 0.336456618730078 -0.622588754778943 1.21703410016144 -0.195163827977014 -0.196652682108905
38              1.6272756800019 -0.0179679895709004 -1.29116602639487 0.521252103547159 -0.657910870860634 -0.424234526393516 -0.0243814329432785 -0.875704835869682 -5.02585508808571 -0.541880631199275 -1.03636344254061 -0.495296090443188 0.123326678355939 -0.320599801002626 0.460590421480861 -0.0813899027691632 0.0737972337487242 0.253110828620261 0.715037387304015 -0.353279067655682
39              -1.13018030457214 -1.17029247052447 2.0191499270018 1.31248967816 -1.04038167211306 -2.5285361476772 1.69044654238938 5.644933925633 -0.507599866082017 -0.224248043391682 0.893466053583886 -5.40099043091948 0.373451645407491 0.457381430033741 -0.564360922464701 -0.225987970833802 0.645896849898682 2.36889139567603 0.737998398968325 0.0691401586016156
40              -0.937621100276308 -0.949552249900227 1.16427799113802 1.14939675100193 -1.08761433188865 -1.24038510088228 0.54732945157289 0.556366482912132 -0.23018314443969 0.828061686456859 -1.49346866902066 4.82467112062541 0.449875330150187 0.132804495208214 -0.725566127968901 1.4024524518746 -0.630033293108309 -1.21267229772616 -1.65536407945912 0.746408796911049
41              0.387974873523134 1.73102195295059 0.474042670711342 -0.146014072291692 -0.333792027518277 -0.413313134355617 0.165946737375385 -0.651972659433726 -0.0872474938023153 1.85933371661205 0.183841868480535 -0.0598566872253493 0.0952759065334188 -2.08768326459047 -0.592682605453219 -1.0875512145927 1.80150165073862 -1.9080651190938 0.628741260148378 1.27729450723748
42              1.69741857141016 -0.122199164279092 -1.21422572369777 0.326055049189357 -2.27368490694128 0.188619424811827 -1.62797836592975 0.852160009089794 0.641733116924687 0.210801818131872 0.430176753756155 0.252201974201264 0.0792815210378606 -0.137987130957629 -0.259428314565388 -0.0876791620569872 -0.243867380979397 0.375924656666592 0.614919049705582 1.39752335088885
43              -0.922822751202399 -0.608967848252704 1.11365682513377 -0.38577995892311 0.203333760502046 -1.02957535699438 -0.508552557240962 0.669860272904752 0.191549816287768 -0.530802965309317 -1.50898162662319 -0.620004198139444 -1.59247302401838 6.92638560306199 17.9855851464448 1.56231136617666 2.77340620721219 -0.757325261150844 -1.2761575494455 0.0864999413250804
44              0.347800493757751 -0.578015466111934 0.0808466390285352 -0.385474363148239 1.65384774425644 -0.154013973878463 -1.82630800920869 0.120818710566374 -0.115603272023492 0.266591156590126 -0.207979863911603 0.127612595601105 3.04470257592461 -1.62921468253003 0.470393751090213 -0.141940880400754 0.984196910799445 -1.46223491724372 -0.615555551618047 -0.33103352983361
45              -1.26754079780208 0.818980694615278 -1.32907974373179 -0.231818111444761 0.283092799768682 2.01987933010668 0.230700177260721 1.07238069909262 0.192870125660894 -0.33096953861462 -0.378552467928554 -0.2197463256826 0.366831424246313 -0.710640280493545 0.227362626104539 0.307487816604432 0.188174529626999 0.642303826625314 -2.39572352798826 -0.783933871857131
46              0.730492647155491 -0.21435062816049 -1.09076092833512 0.349782721310528 -0.268764989128119 -0.613572099659757 0.0479097352557202 -0.612369555114683 -2.80413829781754 -0.483160677568207 -1.32398336484915 -0.268957776157651 0.14265642800264 0.0198419009657706 0.668237696493742 -0.195992605492123 0.391756597701012 0.195973166725184 -0.340848857593383 -0.871962881620338
47              0.155951213919109 3.1278872951051 1.20634360212403 -0.549056702627959 0.219223388679446 -0.610981947817651 -0.0653752512371303 0.143766396177358 -0.261411869191455 2.40062520506963 -0.946704847477201 -0.64952018334766 0.00348448194393052 0.837928432253229 -0.40530297154136 -0.444148306859084 -0.597250256590089 0.0828232808030922 0.149878944635156 0.231043853551031
48              1.18074590654877 -0.188073550380452 -0.812839168218219 0.204272224533874 -0.549262480625288 -0.156766490423018 -0.0246489737432568 -0.284003509112147 -1.53214404264876 0.0154183331785509 -0.181866553552417 0.0499848475646829 -0.0443103952495354 -0.284258886269071 -0.092868069306654 -0.296574128016852 0.146292574911208 -0.68301570588818 -0.0892376749268408 -0.80881649631527
49              0.0914546676145962 -0.630831753576231 0.308296351902216 -0.423859158385464 2.05965027521783 -0.20143796607179 -2.73496461345054 0.419614579327338 -0.490476868097305 0.459433897352412 0.121636185331209 -0.0775632781931804 2.84317985993701 -0.0852783830061326 -0.372530939435982 -0.475529944839781 -0.185846423196408 0.96411207844882 -0.302474527504622 -1.10342498396845
50              0.00242429914060193 -0.517174048230189 0.394923012240441 -0.0666569200438981 1.43680814419755 0.189210109665698 -1.78097140026172 0.288499542157576 0.224791482220892 0.288391411671339 -0.158782877458308 0.0982681222385444 -3.19333790596032 0.683443607630812 -0.651607007905209 0.127659113042881 0.453617152617297 0.718607956047555 -0.439524279255682 0.0614434185469739
51              0.164024147503568 2.26180943798403 0.897213302012972 -0.271799455665816 -0.111269888524225 -0.539176110282721 0.0110478314299731 -0.197545653990942 -0.20663609643243 -0.443805427741322 -0.112940026651169 0.118614220974852 -0.406201210157346 -0.0559737880011212 -0.899513722759213 -0.428795903353093 -0.706960336235504 -0.535582794045024 -1.23303361300482 -0.904567753949137
52              -0.449538397857609 -0.583779453549231 0.825352105871854 0.999273592220223 -0.306397465362555 0.0535624420259482 0.135201050652224 -0.241746906428916 0.0172993701977348 0.313380838340321 -0.394845321938942 1.53217881402793 0.147877165531592 -0.399618166736712 -0.298519060790092 -0.562189235705312 0.671486713441827 0.102142202442191 0.156994735762727 -0.227552318283686
53              0.15974136220268 -1.13141371641127 0.915970030730804 -2.89840802730431 -0.540254041784084 0.511857024533952 0.674112973938623 -0.343179330847695 0.0385805831835299 0.12835202349847 0.0673786752834181 -0.0973369352489763 -0.150969621249603 0.220769459004202 -0.734295438023771 0.941078881604977 -0.143740537708394 0.976057913570006 0.277058537967797 0.0839249535698486
54              -2.14631723574692 -0.120812105612092 -1.84710327272653 -0.415735758250468 -0.379913011593183 -2.06980833691699 -0.208391373944886 -1.35440586989362 0.207678897283307 -0.0868496241832169 0.365837620915482 -0.641333920414634 -0.0546807171013572 0.0635170246074841 -0.0689112587837499 0.310473455890217 -0.411328448688111 0.562417395551729 0.250202036940692 0.821153471672798
