    54    20                         
1              -0.704697910511802 0.357437054835685 -0.639814517559647 -0.0594599956662662 0.429867980201307 1.44480596256593 0.746577686001083 0.659982929814092 0.211757140924165 -0.0531519861621248 0.353238901580739 0.220824811274369 -0.0822357261951502 -0.666963455723714 0.209036544112385 0.913442721150554 -0.280675064663027 0.574978753380492 -1.48802454592139 0.838286728860458
2              -0.0487644748677375 0.68401320998875 0.689085788248999 0.0186451652943945 -0.0431076606716723 -0.756424791122294 0.0491468799432872 0.487616007817635 -0.332929964466924 -1.73579978403621 -0.0269832238866363 -0.117592659366521 -0.0486593399490986 -0.573220551646633 0.343717662636373 -0.881376764049198 0.531255328212029 -0.369409963639015 -0.14670654989945 0.0252318722918046
3              1.51214792811915 -0.151198995345002 -1.02114666341182 0.370948220241492 -0.40257577263762 0.0290311634921154 0.138641453865507 -0.233220073916137 -1.3273067818655 -0.0804716108191122 0.981839509776252 -0.0366769495813804 -0.250862499657617 0.00319972308114076 -0.0438639609979945 -0.561709471863374 -0.673058887024138 -0.045998783527469 0.227747837575802 0.599021772101286
4              0.15811251200618 -1.25852923606607 0.999482023671359 -2.88206176336577 -0.628671822745934 0.650865704140482 0.550279381892894 -0.0709950227033861 -0.0054960485218522 -0.323896422332684 -0.171417266396613 0.0692638588678231 -0.146323912902493 -0.087378758252481 0.27211922489884 -0.31730804128982 -0.8395948762511 0.72183587617124 -0.0539453434587831 0.901842474503995
5              -0.0733882651002034 -0.517972731584526 0.560241476218222 -0.218239615126344 1.42686744069052 0.0430527270837558 -2.03477871573539 0.500326705535889 0.231891506686974 0.428429570448562 -0.31650236726466 0.326849678362109 -2.67561466614966 -0.0384144152027281 -1.00742903261923 1.15404100881861 0.0647047331381372 0.916208148725264 -1.09032713817422 0.1662259379953
6              0.939890037423948 -0.332211786133495 -0.960450582391863 0.392280396213858 0.028195169898328 -0.352809015592037 0.158695725548464 -0.483017226631978 -2.9118351222918 -0.192841562636657 -0.399912321634286 -0.325614381494713 -0.294125220018918 -0.0271715579211792 0.53914973397795 -0.477958847285704 -0.615597281484264 -0.443098839241687 -0.664478239822572 0.0736974836432445
7              -0.0875516388370931 -0.692171726321168 0.600046355441295 -0.858814488577351 2.44082574976078 0.016140282704723 -3.00638969949974 0.635976340299453 -0.0818447576452282 0.329817954675532 -0.481184022012405 0.0179294462319297 4.12379275671942 0.404719387076734 0.464200163545035 0.0890151222926777 -0.196985059730849 0.833178166163939 -0.00579375548230485 0.277162170840608
8              -1.67525064984596 -0.224112832764649 -1.65279085202619 -0.135991431868425 0.0274124533515269 -1.84941153766603 -0.135908276249955 -1.0853373083257 0.101576938809654 -0.104229315945737 0.303965116383593 -0.610756190763754 -0.172403593407208 -0.688136647160202 0.0155023692037499 -0.299647130126908 1.04485726678151 -0.568895061666136 -0.448691503595121 0.0842618969524949
9              1.5720559606318 -0.0716094174249779 -0.836708401073594 0.00856838056973509 -2.06697029923133 0.337725648761364 -1.23834800037627 0.572274458002342 1.29038711688227 0.751512641877956 0.942725272378072 -0.177436573442381 -0.212681414403851 -0.540204116659654 0.810151365194434 0.682398281271296 0.0502569537530781 -0.0415383422230352 -0.132854933397048 0.833386917550925
10              1.55301960456456 -0.0917029195410701 -1.0432811875252 0.181532586828616 0.0917201653148366 0.133387379909635 0.452670860765887 0.139932351245502 1.92570592209375 -0.541193562225525 -1.94334377089607 -0.250302322771934 0.379443977043998 -0.258270902341889 0.250104664641634 1.12730507289586 0.426621077028908 -0.0029715523707108 -0.0464826293110022 0.40805731468066
11              -1.92454605614168 1.4106023094117 -1.51868248800525 -0.465826434368046 0.143720631842016 3.1716384725238 0.505121685963362 1.47794952123476 -0.161161501622051 -0.104554525637743 -0.695574144425151 -0.86551176965797 0.324776453735175 0.650262310337635 -0.0826540152522964 -0.346259106142661 -0.907254135419618 1.48992705397685 2.77004516813142 0.679189511233753
12              -1.06984888617864 1.14399365154309 2.71007897675478 0.661991424383946 -1.27804574976268 -0.456783464345243 -0.0652122696946063 1.07556078607599 -0.421968409168241 -2.68721072931098 -0.989889640067827 1.78803841910448 0.465368081436612 4.69160807950066 -1.55340657341449 -0.215263640962366 -5.12653537832521 6.39177903722089 0.74814760063053 -8.91770232476657
13              -0.5996937646053 -0.680906520505543 0.95435503839694 1.05975973819339 -0.530554934374482 -0.445057340941398 0.332653388742191 0.455515969934647 -0.059728546614603 0.41832235397625 -0.615851446772244 1.88804284517538 0.429282527785356 -0.0751293927724069 0.0142896267582865 0.069431770423265 0.291517893967585 -0.473196591413973 0.765742381989842 0.14844474113536
14              1.31702577195047 -0.226126621201505 -1.06460354612661 0.308638624851526 -0.467198448587361 0.0935395183555399 -0.00197810071013934 -0.226876205247823 -1.75723789726202 -0.0597946977075395 -0.0691019895837688 0.0583898935974293 0.272915633558115 0.356343237522002 0.0669308506914975 -0.0329653986248008 -0.990551230176133 0.587792344133916 0.45930255623797 0.706087007300288
15              -2.6399741842272 -0.0564479845885746 -1.98383966703099 -0.416982704875901 -0.535012529782461 -1.84674749581941 -0.540629294041261 -1.33414132023484 0.391156326384 0.0960624876989504 -0.111686482570673 -0.470203123822075 -0.117473827819946 1.3808796485663 -0.15106090163183 0.0949338984331777 -1.49439239052663 0.461616177049074 0.597395322576628 -0.0951068962025641
16              0.0948168978401628 1.93588419936884 0.832041710928411 -0.200868537497655 -0.0665841736310039 -0.582122773840093 -0.376090509862472 -0.0678834398418158 -0.26761234228704 -2.39229638085432 0.529734782535501 0.308731117997336 0.228915583876135 -0.415907887625 -0.340269612139949 0.132947597630274 0.69937582236311 -0.53368374713716 -0.59077685463283 -0.186423682379013
17              -1.18963606694301 0.545951569565885 -1.26120300238923 -0.0961103519614316 0.293788663296156 1.82440619673427 0.262501875323708 1.00398261077252 -0.116528352535381 -0.0290040775221654 -0.363911498398281 0.220793605052018 0.341885393143097 -0.536698228429287 0.0413349526380033 0.247278073820218 1.30015256045199 -0.267467579811148 -0.671578304148251 0.215922647273955
18              -0.0695707257226071 -0.5689988914777 0.383495468291339 -0.342027011772607 1.82184717112881 -0.192451539750769 -2.37461648666458 0.446699153331051 0.15086516531947 -0.157861733982588 -0.0178391582154077 -0.160036877480814 1.03150441060504 0.291895680749142 0.779357154998444 -0.552266460752378 0.36173696897818 -0.417544269019345 -0.706466759344835 -0.230843091927705
19              0.167779249646001 -1.2287843910578 1.0336795208152 -3.2587511035154 -0.806887913528804 0.425056153883806 0.519616373240808 -0.293585199309351 -0.366497662272304 -0.301092413462584 0.143170190226061 -0.160941688616232 -0.428561674946378 -0.088427711103332 -0.0596297239542371 -0.279814596907662 0.320830625936183 0.120875430824192 -0.146754145726444 0.0890964793680367
20              0.194354066946268 -1.5063352167623 1.16398906933233 -3.56168970170746 -1.26454516430101 0.534991091383946 1.28891423649636 -0.365028761919056 -0.228844483649509 0.443060440861582 0.277729407374665 0.184068542908933 0.185364000396048 -0.352998424022918 -0.797651333620323 -0.56778138626287 0.95036371505321 -0.369419100396821 -0.273287299845868 -1.01578323819776
21              1.20823219350851 -0.132547623267719 -0.940629699639596 0.235728130720107 -0.255733886925432 0.0264995958283235 0.0220093989449293 -0.37771102050982 -3.17645931605395 0.174173763501458 -1.0092790663727 -0.266960502137132 -0.0495553559114352 0.162177682315338 0.443207364650329 -1.29533970173101 -1.93757561611112 1.44741956751242 3.43203443221849 0.939702981274868
22              0.46783737537212 1.99493798430304 0.794738422428912 -0.314594950399052 0.70718567324985 -0.45827686295955 0.659705361987512 -0.35012887487769 -0.388649016466905 2.45244556513033 0.41915851038762 -0.481031791579279 0.357833881619165 -1.03418124253023 0.485733735628188 1.45612500102973 -0.116829146721092 -1.33039182523568 3.591162934368 1.54493034965931
23              -1.49505321644875 0.494608387381356 -1.36718803203986 -0.343422410154664 0.174246253309206 1.89350620106195 0.55212893808601 0.889595106585821 -0.208196161015278 -0.485548348781741 0.307030275862125 0.367309208166852 -0.098295366842717 -0.0047752519622016 0.375575125518014 -1.42044125066741 1.65145292962731 -3.27201976943972 3.10209669327601 -0.154757178856806
24              0.399066092295793 2.56150724303646 0.755518383746253 -0.42626892110047 -0.0477849998469341 -0.295298763041111 0.239213640982886 -0.401118866015698 -0.0588681051402052 1.95324617931218 -0.282747177042871 -0.191069578266926 -0.145370003548239 0.287831739007233 -0.672561510386735 -0.36210239110978 -0.808978407794955 -0.0746878239723097 -0.727780618396328 -0.78623033169425
25              2.01194194052781 -0.0420834403569816 -1.16715379769914 0.128525394629898 -3.08932324694143 0.158391439235826 -2.33277065286792 1.02664519110197 2.31757866344829 -0.143222960418593 1.17210795739383 0.242598122932942 0.0352839498370148 0.0586705188021757 0.620527601776434 -0.0857514082274309 -0.154398049443874 -0.836438888027344 0.15908764313318 -0.130683001126564
26              -0.047092616419737 2.54028909465717 1.32663531435233 -0.305888262152927 -0.222502349592531 -0.637838664098508 -0.509737003275003 -0.15546688714339 0.0754950896805426 -3.18214295748634 0.367544093136934 0.895902200144295 0.340980108647318 -0.249970619869242 -0.0285973772139433 0.680413324591543 -0.279699216363921 -0.263143141324642 1.04684590478262 0.364620037639603
27              0.0111436739986777 -0.643427674065393 0.243226543825641 -0.478497617275794 1.61131463454051 -0.12135277522202 -2.14537825777353 0.522068822099069 -0.227328833009301 0.191090174081229 -0.386875159343577 0.136154322969546 -1.53064799223651 0.603354046635337 -0.63155992078835 -0.142703064197368 -0.35943118074665 1.26096472478846 0.479821268442089 0.489577742624385
28              0.229942364295412 -1.18887203676652 0.826390996969709 -2.94994512703175 -0.895473307895986 0.265961327305496 0.754093300986653 -0.16682427141167 -0.108736535905118 -0.125195624826217 -0.106142234414894 -0.420929212528777 0.00331278207981617 -0.145484135293737 -0.190836330851138 -0.0348462957251025 -0.320932764609332 0.544503164173064 -0.147618162668803 0.25161310396791
29              0.941397916342981 -0.120980837803031 -0.820725526998691 0.347534028457585 0.0772128831431705 -0.276680077745983 0.155640413209074 -0.444648936057695 -2.0082001531846 -0.195988499244361 -0.935947840558122 0.0167735231801044 -0.194883172989359 -0.580978741898244 0.362805604164386 0.0282154775617481 -0.479933671171486 -0.227290100684754 -0.554953188113757 0.596414122905811
30              -1.22838600916955 -0.208531496173823 -0.980347125159626 0.0339946939120081 0.100866265233993 -0.562075553536827 0.207909314012416 -0.16016898021672 0.0675001424667168 0.18985313618075 -0.247804132550158 0.42225452723341 -0.0755123114470582 -0.153592521201768 0.106771108265183 -0.167761714176449 0.564791512904427 -0.0995881179460698 -0.765665803171074 -0.627697849529979
31              -0.775967143991272 -0.72554765839063 1.06511930409694 0.874832046637794 -0.830164701650073 -1.1168562848031 0.751535531953509 2.18754153208336 -0.185237992106778 0.399163973684294 0.244744244960348 -1.13842469617121 -0.38049008908046 -0.136878666657128 -0.501660086102516 -0.678094343930505 -0.0484938127424718 -0.50081248948047 1.28741986266607 -1.29708398680329
32              -1.62785320815979 0.727546127349826 -1.51880563575421 -0.334842869445829 -0.12312440686365 2.28795485448839 0.21536428868475 1.43330985029553 -0.231854152875455 -0.389684402382797 -0.0390157688815374 -0.192223080088549 -0.150837692629672 -0.335505119612899 0.343226890154277 -0.631562142401233 0.12677714904886 0.320636666529502 -0.0735783926385239 -0.116370292381384
33              -0.727164347958017 -0.721491342735834 1.15467385406984 1.23485887380174 -0.670922527534599 0.581724298552228 0.0332013009792341 -0.303712717173525 0.162752612415959 0.34954751932452 -0.568252992183176 1.35449330468321 -0.0170587852020086 -0.1727542169916 -0.503792039852397 0.0238685731928455 0.000277719103253815 0.738647564635286 0.291558697317978 -0.196885090453394
34              0.0673429782762615 -1.64045881848438 1.10579802178646 -3.41911207030186 -1.25050372627303 0.446649594438004 0.573354060330455 -0.612466022536168 0.0576626387524497 0.0194001203063889 0.112660126238445 -0.115148960531613 -0.350883536273872 -0.86126633670058 -0.450075214820324 -0.2186467140184 0.123998884918687 -1.79637532116527 -0.202460567460863 0.195604955638181
35              2.20540990285865 -0.124451824350223 -1.53050889611558 0.202756594901644 -4.57194835217222 0.118192552325186 -3.65744194967548 1.63001971383376 3.19930612344634 0.655814620684406 1.75563853894948 0.0729321452286873 -0.319483472369273 -0.529569530796954 0.674498516740571 -0.399953303921377 -0.139820324242652 0.538752180139321 -2.31809465726621 -1.06367722030904
36              0.0393915570423521 -0.668550897029961 0.589816131782975 -0.707173730435881 2.39443296957778 -0.144902961161673 -3.26174289570528 0.584301089816853 -0.270751425362353 0.352347894373863 -0.784424977485504 0.255203246785697 2.95154981629299 -0.275246129696916 -0.295852802005842 0.319206167543839 0.721119893719494 0.255389801066227 -0.822826916258295 0.0538628401774869
37              0.262376351376018 1.87585206833433 0.814471826767488 -0.241732163311959 0.0896385578003951 -0.515794621413352 -0.195437691031211 -0.509860321369584 0.187564501502186 -3.97993620473844 1.15665829080598 0.832603662126388 0.451250406771841 -0.495388485376024 -0.0136745782397123 -0.549049207143225 2.99353531025131 -1.25662776388678 -1.80469232541751 -1.17712459561739
38              1.53710786973145 -0.135459757314932 -1.24472096323053 0.508928964778386 -0.778990510470931 0.0181141123731517 -0.466976766772703 -0.567511226560819 -3.90838526500393 -0.277267432643521 -0.831673436173219 -0.367043837774166 -0.210849411501467 -0.0906365105317579 0.820617324162802 0.0385791624256009 -1.09094711024887 -0.1981265398752 -0.276495674284373 1.39623747281552
39              -1.88662972604981 -0.226289854341666 -1.71327667092468 -0.0449072157055323 -0.420012725563347 -1.68325926553512 -0.254769714400056 -1.25348283754572 0.531994816916899 0.312228275975178 0.610693657764109 -0.230804075143745 0.249816990946447 0.0567807962850159 -0.375471912601518 0.189479892694331 -0.162212941038695 0.203180802128478 0.516436199646297 -0.939099377000546
40              -1.77214612923992 1.35269869126724 -1.87615590676802 -0.595414995072521 -0.129837453217271 3.61915082738955 0.27597173467714 2.00328360129807 -0.284570468352209 -0.329860539518928 0.0309337985896714 -0.321975344789172 -0.0468953964055485 -0.529829940198028 -1.04237604892669 -0.109529812800722 -0.417863923231158 -1.05794297022199 2.20442169837181 1.8967296038394
41              -0.208602240019323 -0.561741210563295 0.355567892083694 -0.270046224846406 1.85164986376022 0.254465036512414 -2.51585244766038 0.448959186251958 -0.0517024765617799 -0.363238035593193 -0.313139445724792 0.201688190169261 -4.9695013006429 -0.0255445173091349 -1.64365593062203 -0.734073533291224 0.144695255306281 -0.59122937179411 -0.230097693939287 0.321401763126556
42              0.435521215727035 2.00565802209331 0.646294879666067 -0.225761021071034 -0.126193981692991 -0.317421556087776 0.333646953056929 -0.72224055217268 -0.119339539946261 2.91429656286941 0.0518901649446437 -0.292015691208281 -0.198190038396041 -1.26615455470188 -0.0667504760646425 0.520416865657729 1.24188127983583 -2.03782198416427 0.101352564966635 0.722361010465712
43              -1.13018030457214 -1.17029247052447 2.0191499270018 1.31248967816 -1.04038167211306 -2.5285361476772 1.69044654238938 5.644933925633 -0.507599866082017 -0.224248043391682 0.893466053583886 -5.40099043091948 0.373451645407491 0.457381430033741 -0.564360922464701 -0.225987970833802 0.645896849898682 2.36889139567603 0.737998398968325 0.0691401586016156
44              -0.810626620411703 -0.829840542035821 0.735519992568012 1.06358292691018 -0.809344426733795 -0.719408898799527 0.629903739487812 0.705378399884264 -0.397077439069097 1.03911566393923 -1.18171044157258 3.90889265943907 0.994997873361803 0.485958198815543 -1.29157930042236 1.72733055384694 -1.06844587746726 -2.70502955057362 -1.47948026261496 0.980547645706988
45              -0.567443040515231 -0.747847914357142 1.09506753332299 0.922404265602487 -0.437225253514063 -0.710537094149899 0.717474148701178 1.01007714845717 0.00344951655644679 0.241116217809018 -0.484286513923619 1.61105909932456 0.131981915630698 0.37919879798186 0.495986794661934 0.0250437540379571 -1.3546303421016 -0.758116649711772 -1.17334107894016 -0.666965144335502
46              -2.01301035875299 -0.185331572346436 -1.76553656909517 -0.228718867341741 -0.139245328919254 -2.14188287797435 -0.172063702607137 -1.45882459200733 0.360962898487415 -0.163573989006059 -0.306545144493451 -0.305288454446324 0.380414792261974 -0.135797805006419 -0.221271359332694 0.176026761466285 -0.486178735175295 -0.371038942207453 -0.953634420207443 -0.358948008972582
47              0.0545878558834617 -0.842861444182894 0.690715486175398 -1.29327511060481 -0.223812006304163 0.183178617030358 0.171944453263548 0.0550439095916523 0.057760434768496 0.120690127062746 0.447847638262294 -0.152708099750816 -0.666307522575527 0.00503808486544971 -0.476240399858297 -0.0638575625978054 0.42811226665182 0.21826657138632 0.0917085628463906 -0.511286306125016
48              0.0937655479717881 -0.715132285299728 0.377609505277171 -0.538281177310845 2.14418973993746 -0.366877466109903 -2.49035338274447 0.394375335016317 0.167954674429216 0.418204871802502 -0.407292184955162 0.0691931363916566 3.70364931300129 -0.596632894356671 0.215501336998387 -0.699956791881995 0.783439799875995 -0.755635147771908 0.582005319592641 -0.857279858730567
49              0.00480564417536512 1.84137886415066 0.931714772400382 -0.373171935363145 0.207634917195655 -0.559734961496015 -0.213676114257367 -0.171589699241892 -0.173333671633635 -1.61384859578868 0.910923296627185 0.034876205666169 0.351929101253902 0.767267319980274 0.00297002234760766 -0.510674788937074 -0.234825289334132 0.561613801137744 -0.0263081455574926 -1.52005994336415
50              1.60623085222265 -0.0836089014235828 -1.06002097561902 0.370008961587148 -1.78504924321962 0.169071664418874 -1.08826043350665 0.467173411579203 0.554338656234596 0.443835925599272 0.584160368046709 -0.383385306117418 0.49221923199091 0.762404038156355 0.368225691059839 -0.00334670210468618 0.473524814920496 0.291250870394945 1.12598941800245 1.01054136025316
51              0.093173372281439 1.44587810240128 0.588006228765367 0.00905030292164396 0.110044691170071 -0.0454369434379734 0.25717047226085 -0.311982320066367 -0.259137130425802 0.127162717164197 0.0722525897267773 0.349790229894942 0.347141141848898 -0.644678832017138 0.0718464441450856 0.985675957476889 1.7957164756876 0.89521836985815 0.875606016368908 0.135089644158465
52              2.12190952599483 -0.089798539776371 -1.4227464255317 0.127228403500701 -1.71480877148402 0.110781858014405 -0.809237724280645 0.563509675097749 2.78927461138193 -0.0941212547608035 -2.73362900368083 -0.727445280643928 0.798747292083009 1.32153557528239 -0.949273214967333 -0.856901551877253 0.730024842646487 -0.768889417511899 0.187452645974279 0.0353854062136964
53              -1.52826720356987 0.725077157316348 -1.38644807261598 -0.376098917140063 0.227457696708756 2.36280109607067 0.487260977929037 1.24118583622134 -0.362618828147096 -0.398213440311323 -0.325571801795102 0.610188017369301 0.217856060271158 0.156001748176263 0.465032286006138 -0.301989770414128 0.247371950553683 -0.334617071918217 -1.33758903212625 -0.517147522405247
54              -0.126741416935169 -0.431166284126076 0.568674424833601 0.0787210880693311 1.16351162889894 -0.0692452287883463 -2.09119764662847 0.246674569717759 -0.222588001400759 -0.124443796275183 -0.345254524820405 -0.978394221061973 -2.75093514150293 0.462209893275114 -0.682139217454786 -0.125237310589898 -0.195665743461252 0.447410674043471 -1.06368428227016 0.282754612497314
