    92    20                         
1              1.39175851647371 -0.0752853071171234 -0.727546335637077 0.337149262916472 -0.303272580835178 0.0781225968759924 0.2326768282947 -0.308271553968047 -0.513024568907933 0.201549304006574 0.601548795276507 0.353051981931481 0.136355643723489 0.0722014992405637 0.443157401778846 -0.0728918227247263 0.834364753105224 -0.308739472895299 0.254018748635443 -1.00633637721024
2              -0.717172382340981 -0.752776892011278 0.737818559534671 0.702153087396234 -0.532925670187338 -0.8243348653509 0.47981485463097 1.1905113299988 -0.120516058296823 0.581369696313692 -0.404364009004311 1.55382107868795 -0.0711812149201545 0.632929491572651 0.0366790320739574 1.49201217873903 -1.10538464167562 -0.516854412939679 -0.6597756828802 0.372796136676512
3              1.76777236307194 0.109409378327038 -1.0145165866435 0.233935308099384 -0.0965731667671252 -0.0960029940382762 0.610712066322611 -0.228440439630121 2.42783805222719 -0.417821483408281 -3.00439949567996 -0.799491886351331 0.381508660633127 0.966134251895655 -0.485290687108169 0.572593628826263 0.380880127202519 0.357916088250959 1.01241769099786 -0.0848525232794594
4              -0.774641702041873 0.398503167720331 -0.755279353376059 -0.134706625725161 0.636269717581863 1.35762632915499 0.501316426631095 1.17915631082221 -0.0631052913820083 -0.0572317511219728 0.0290433098163719 0.055258604090333 -0.181561639312064 -0.430889936835089 0.507282765742254 -0.0221994161769626 0.390035086030956 0.323370492577994 -0.430757971517492 0.596280082363547
5              0.0822289052626792 -0.694929551443777 0.245779777077851 -0.458587378376625 1.86782603881895 -0.329046234801516 -2.18435632375685 0.415020237004458 -0.243278364540175 0.509220990588453 0.0950857077250265 -0.0869564023815495 2.34840819919162 -0.18436020424874 1.13094453626078 -0.261402184225385 -0.140199967712983 -0.568627454390545 0.141683677035783 -0.358456657442416
6              0.307081195938323 2.2293974388973 0.798082107348954 -0.288755884343686 0.0612362127430944 -0.857868392329339 0.631367647096342 -0.316290173142212 -0.32186270674577 2.26187012418174 -0.136327409612 -0.358329706647307 -0.0761826682675677 -0.108740553854902 0.184446797976324 -0.413881140385564 0.112137794194246 -0.967914818052617 0.174898117827807 0.244211564846522
7              -0.100785494753531 -0.514771716621937 1.02198451486205 1.1585051420672 -0.127182048302677 1.29138099137063 0.00381155817213761 -1.52242694743327 0.404561722672058 -0.361276144758986 0.0748092530107797 -1.30264605057854 0.0785495106663953 0.118440645072849 -0.0686101153003367 -0.915519504365975 1.05919564537625 0.431748541720842 -0.342040511180607 2.06482310616821
8              0.839443083605228 -0.262412150059182 -0.732417387729994 0.343368967797534 0.0455463870411607 -0.101820599093692 0.273955600329748 -0.177883125519358 -2.12377415379727 -0.0507507360088112 0.120041145118999 -0.371583118535226 -0.19462132140215 -0.0900760906009602 -0.241688151348429 0.106453511641556 -0.052742221661237 0.397598292166381 -0.459127967063262 -0.283655037169808
9              0.142966670134322 -1.08933165949346 0.824426935811492 -2.809076903342 -0.674511255862978 0.00362880119610505 0.528153027983053 -0.0515461733371549 0.222043911733007 -0.359790195695986 0.0132757145320831 -0.253318722254207 -0.453382268466502 -0.625108784248385 0.0924945846641886 0.821150887091505 -0.0302336459065265 0.427400586964819 0.213421061098131 -1.44924137802593
10              -0.211634208863018 -0.546342892310389 0.317160625712158 0.0974228542351809 1.00993489696872 -0.381601510108918 -1.31399207073599 0.63889840986634 -0.33343322504734 0.402307098384213 -0.294180918585697 -0.18998514034912 -2.65068596395359 -0.185832830363689 -0.597903424766685 0.683325455629265 0.68483688035968 -0.709108664030097 1.14051298822572 -0.0890121645125015
11              1.78557604290665 0.0603310516853821 -1.21466930768599 0.281729539187254 -2.11376923207026 0.123481421576051 -1.66575597256254 0.927601993250965 1.90333768741536 0.184033808077717 1.47307348063374 0.568128444748028 0.172153781751179 -0.286774100586867 0.402060482795269 -0.156811890845821 -0.548650542567392 -0.138302352571136 -0.983493705465504 -0.859249029728589
12              -1.68059841803884 0.821180828225193 -1.57963324721172 -0.487359061840791 0.0178717026182813 1.70838073835443 0.34546294937369 0.824805522839384 -0.315863926300264 -0.179960360827307 0.248077431935367 -0.265110539868726 0.182003666426954 0.225819347290579 -0.625312443314897 -0.652004833400659 -0.402497698944775 -0.887995486251719 1.48286479972694 -1.30707644384392
13              -1.67525064984596 -0.224112832764649 -1.65279085202619 -0.135991431868425 0.0274124533515269 -1.84941153766603 -0.135908276249955 -1.0853373083257 0.101576938809654 -0.104229315945737 0.303965116383593 -0.610756190763754 -0.172403593407208 -0.688136647160202 0.0155023692037499 -0.299647130126908 1.04485726678151 -0.568895061666136 -0.448691503595121 0.0842618969524949
14              -0.70345628821739 -0.859797279912667 0.950647932294488 1.08690598781525 -0.575534504114066 -0.502020629868079 0.518910879224806 0.810858895575383 -0.0610720304956629 0.496677637286383 -0.735234620205712 2.31085327910749 0.437639841935061 0.119239473446481 -0.981487174556781 0.565661139720174 -0.334252926079157 -0.965465408671366 -0.442756241014234 -0.758627377254094
15              -0.385368217083891 0.778995138124654 0.39383642515049 0.00753345775965866 -0.0928062730944317 -1.32129898939037 0.172198774881771 0.421426760982884 0.0623763418543986 -2.20684236528056 0.608052312153125 -0.350578820250867 0.601781713295868 -0.941557491746037 -0.124226128189453 -0.226870138122597 0.587685036701241 -1.03315525138665 1.84138894099549 -1.03799572546652
16              -1.02804229094018 0.686379778188335 -1.27626919215663 -0.119929655676753 0.300651886233135 1.87735230677614 0.409455921263064 0.98287129514379 -0.0887947842415315 -0.40117301495181 0.185592677510853 0.39376902233933 0.0696399731223258 -0.0714360204850048 0.11949115568068 -0.358867982712894 0.552042059176059 0.148529379564363 -0.622154239121602 0.672589040716556
17              0.107130817845435 2.09318161384321 0.930563525525702 -0.352318029926952 0.138038424057707 -0.767945522181724 -0.21517416285423 -0.166184595146361 0.00470644015021005 -3.68827052230227 0.430964341797418 0.814655777641518 -0.300518611231773 -0.214893589287601 0.162522428645358 -0.649407358799534 0.42405343694088 -0.796948266251296 -0.0169368974030297 -0.957672534938977
18              -0.482788167762331 -0.684518941646652 1.28175364490835 1.48519319246021 -0.322690391651554 1.34383799309922 -0.412736976435272 -2.05157871268101 -0.0265948300376467 0.0673025476839823 0.281027753392535 -1.55952180983762 -0.23637038542747 0.254422469259876 0.200451969185348 0.237776710187847 -0.408674476291901 0.283365376569836 -1.04800724404233 -0.398167599726395
19              -0.0614685478959578 -0.660791030551128 0.507812501942602 -0.550324645104006 1.99562161930019 -0.172806897870726 -2.87959659416025 0.666389611276601 0.0408870162343063 0.283868849572424 -0.477880485813944 -0.083285354951538 1.1778030605067 0.545214360220645 -0.410912423338831 -0.0225487943350164 -0.281610976684339 1.13088385474637 -0.469608122978926 -0.696053703797922
20              1.08718347176243 -0.040664108861555 -0.992740778368068 0.429417965951445 -0.285067462269289 -0.351840308437004 -0.0532560496057746 -0.439170165940487 -3.19171078410403 -0.364545735319498 -0.675722804874242 -0.301537888452327 0.150415219837366 0.315368036314918 0.237454674954904 0.0608110852741817 0.245662245740095 0.151822118553969 -0.210389296584467 -0.0199702422513819
21              0.0429946131720026 -0.20406595208958 -0.123297274042524 0.242586103266036 0.711948099545041 0.220107215829046 0.333048001767191 0.0478106381115807 0.462103363644403 0.32767927404399 0.11548674773101 0.0746196990688492 -0.0335116778271054 -0.427360699371242 0.179828107106266 0.508413233906114 -0.582561828777868 1.01878972487921 -0.600369368828072 -0.0885534492609295
22              -0.490651562836028 -0.793938063511467 0.776207479702547 0.960213560968888 -0.5210775585304 -0.876696026237013 0.375843424410131 1.1337554029853 -0.220553076288854 0.708388385396438 0.0206370140264215 0.831304589494219 0.168485534960827 -0.401852322272717 0.205413610871898 0.675815780469394 0.167699465203889 0.217190652925088 -0.837766385291433 0.471942959194042
23              -0.654660221428181 -0.728190162620304 0.82630195433857 0.891117546720865 -0.656405242710144 -0.59151181267431 0.340761653063575 0.511153476504336 -0.348274119277985 0.343513625194196 -0.446640952671625 1.42639320389439 -0.0854115281317141 0.161049381168504 -0.989477251121031 0.315010309867002 -0.488568384743078 -0.442181335066963 0.0978996239058326 -0.747253428316457
24              -0.371868193054319 -0.451195338845759 0.121483911611881 0.61285552879313 0.179973835260404 -0.888491495927288 0.613412822286653 0.826075959337166 0.314125327314253 -0.0116010594480029 0.298598608901747 -0.58650886090196 -0.143821870907558 -0.452384328550188 -0.271424405262417 -0.108311395242977 -0.336757138586958 0.248568812855815 0.0147139467869608 0.147762178001261
25              1.25220821461383 -0.210968335588328 -0.996734792124627 0.321430397352336 -0.514989177645952 -0.128851148111055 0.150546769828159 -0.298987300295475 -2.12976898167762 -0.126860793076599 -0.139351737001473 -0.330740485678678 0.109891732517436 -0.137724443101327 0.14830379964914 -0.563829630645629 -0.162356876380922 0.37175408765866 -0.620099921371638 0.839155763519414
26              -2.31866589860723 -0.0901540079450351 -1.91807581093939 -0.372810016502002 -0.499914025006256 -2.01373857366748 -0.51645011027822 -1.58265801670572 0.247619770809262 0.363879349916449 0.175456861402951 -0.427513945484115 -0.0117321425174474 0.244215623691697 0.00803706531725752 -0.268512518764473 -0.0903454584516175 0.312647218289232 0.34398908926567 0.424742314605062
27              0.195851190158721 2.31874888674946 0.96795349192196 -0.353697898040211 -0.36792845343484 -0.383624496319153 0.256318356796409 -0.290868626343989 -0.0111419642110735 2.01471351996986 -0.622065464474686 -0.292653732646159 0.0425960111761295 -0.0965836527058593 -0.0145978858790642 -0.508592949650281 0.392566082372182 -0.959293846242735 -0.256238242540381 0.971261378055504
28              0.104197046573397 -1.27551349927051 1.03760658057838 -2.84133726454413 -0.982275413459453 0.278751054267115 0.772607417288367 -0.505154646357971 -0.27243130970578 -0.06761054178968 -0.150483373485859 0.199467877847386 -0.236124096371977 -0.567418921314791 0.420944292288703 0.518850918857311 0.719101117327746 -0.186185064477766 -0.223466291547602 0.264013821473915
29              0.389132546577534 1.64651291728271 0.402652706576388 -0.365041195472518 0.371170263284854 -0.223820222503593 0.380955611696408 -0.321882159370688 -0.0176676495593522 2.19323617612374 0.049997279404941 -0.250165933926581 0.0411198234232924 -1.38042929597815 0.413440960000365 -0.865473974649499 1.14496305216725 -0.359659663497045 -0.0943784280524383 0.143568172198907
30              0.334615291507676 -0.143725590777901 -0.145570223688188 0.352030311225169 0.445859519390576 0.0327178196228966 0.537600609352339 -0.10236701619335 0.0786938500971375 0.00982863110207758 0.807050074661287 0.345152603072323 0.190531216325983 1.27799736889425 -0.143393076343932 -0.297064443514992 0.679351104808379 0.230868931304245 0.508522080053364 -1.61952796953409
31              0.194354066946268 -1.5063352167623 1.16398906933233 -3.56168970170746 -1.26454516430101 0.534991091383946 1.28891423649636 -0.365028761919056 -0.228844483649509 0.443060440861582 0.277729407374665 0.184068542908933 0.185364000396048 -0.352998424022918 -0.797651333620323 -0.56778138626287 0.95036371505321 -0.369419100396821 -0.273287299845868 -1.01578323819776
32              1.36684195009819 -0.112527027957852 -0.872359933086826 0.0751020731750256 0.825589196356993 0.0537098818858913 1.30878730157089 -0.417926674581703 2.22532440717313 -0.888989984977036 -2.92757881544758 -0.27117764839406 0.844364811042657 1.68315365685404 -0.938973293893392 -0.954635053098239 0.0693996029793016 0.0663933988796358 -0.309805219908058 0.179098586670709
33              0.75036815566968 -0.24257673008714 -0.334615324585902 0.235415987399326 0.866594267100275 -0.0186213148311545 0.703037556549577 -0.0666524059286259 0.0977321345654017 -0.173277195577519 1.26418212430739 0.223077090786951 -0.11389918175977 0.745098679740367 -0.346921962652494 -0.489639238603225 -0.499832815275795 -0.260771909971478 0.589268200540806 -0.584547392448142
34              -1.34205083079593 0.584097707916917 -0.339188814784113 0.0687218963945704 0.105296649381701 2.57111243123497 -0.413909653295414 1.33974596273949 -0.618617639374206 -0.439310498320422 -1.18740783390922 0.803027961974354 1.05285644251874 0.0853202116926035 0.626157649143732 0.132892602145079 1.27741625424231 0.533686348493841 0.35748234518347 3.79139141518179
35              0.796810970512542 -0.237360615519837 -0.529614218985304 0.0639297461677335 1.14944596367497 -0.0144600964422896 0.942919714752304 -0.103365644491477 0.421518132335242 0.146748754585043 1.14759352503986 0.573064665721877 -0.349956637280049 0.0942473067682105 0.182715207322922 -0.881099389852357 -1.12265516531415 0.951414239109001 0.523731577991327 0.941202344012142
36              -0.000820833473457539 -0.307204098368037 0.140593628852948 -0.065256591533006 0.551830640475465 -0.0368497149240228 0.066550259935377 0.0374854943656734 0.109969258216028 -0.15033329548516 -0.177565403950896 0.234864433925821 0.329032493043849 0.932668296390972 1.75957257205465 0.33944981821765 0.183177105895701 -0.238869577702952 0.38790379905117 -0.161972410083525
37              -0.425873002239845 -0.581458243271893 1.348637599682 1.44545720276532 -0.426707803084146 1.24284418974796 -0.0122563201836902 -1.32283787510225 0.0610143191070259 -0.486937416227395 -0.0457472318126372 -0.684003290987686 -0.0389008167837186 -0.412657080982118 0.0645106870885446 -0.451989253326315 0.509100695053646 -0.611487690106598 -0.427021104118427 0.501618390323534
38              -1.83905075429161 -0.149270971618809 -1.54573446780214 -0.396310493648368 -0.257132185066476 -1.77656954628344 -0.238201958906733 -1.17934999471909 0.456116624802691 0.0506226069493646 0.0512087645730546 -0.460611042464843 -0.0344251724355939 -0.255477687115608 0.677955627624083 -0.288723576319545 0.192382001441278 0.727269155047283 0.542087300839841 0.304857488925029
39              0.124321749611186 -0.277188981692349 -0.0138158392352249 -0.0569915138644964 0.284616746320989 0.146759000773814 0.495804601844132 0.0877035174644644 -0.0134745704269309 0.0569443118878327 0.124649917597972 1.02525080477149 -0.176951908365074 0.0488344657025873 0.22650859956939 0.146621129007158 -0.460891782226394 -0.808803679509094 -0.501881444925896 -0.0166480603326873
40              -0.35413843857406 -0.812485817039609 0.711625550733906 0.762098874511061 -0.320069448507376 -1.16442893865204 0.673353943337441 1.61708033655198 -0.250896104474902 0.127423166222059 -0.0924103431023814 -0.380298203231192 -0.0100430937883565 -0.531420368565534 -0.0539332543407451 -0.122384921363503 0.552743307553466 -0.571290026895937 -0.183330002395681 0.448088312729038
41              -0.350524976565319 -0.262775701325726 1.00042226052175 0.951010185855544 -0.156129713583837 0.835586419833387 -0.0968133010235418 -1.37950346512913 0.250792193846089 -0.486396705571063 -0.288648241637337 -0.932522196057635 0.597867006366364 0.183628345326058 0.936270951427914 -1.10708193554797 -0.934098840667628 1.1774484566104 0.599397636473 -1.06582681652521
42              0.0922421383760567 -0.424324649556989 0.262227094346587 0.895940032985487 0.585405073897293 0.0358857824826907 0.883845996632707 0.171713217466384 0.397618862866301 0.187777458955835 0.320962598731251 0.61947405318389 -0.119992626922188 -0.274810801996816 -0.244023637299023 -0.605586726834823 -0.954203593479072 0.389365884061614 0.116658872164194 -0.060875117374967
43              1.736839818296 0.0920938697561528 -1.00663586636852 0.144307984363358 -2.52155837763212 0.442713593227079 -1.571854461758 1.01523325343274 1.87655297456499 0.572688617851774 0.167172323084483 -0.0563268403461833 0.343972911683297 0.468040022911357 0.167464186170405 0.12075827713957 -0.459574985206375 0.711649866211802 1.49116882531711 -0.518202133519475
44              0.219660318831832 -0.286315978247892 -0.00191161797998585 0.0119455241798687 -0.00799019465486156 -0.0854984568837223 0.419184540822309 -0.340702387965842 0.510328008247845 0.0760692681983984 0.252536529348545 0.351380325257526 -0.0444865529371574 -0.691428596282799 0.121313949964215 0.234569072868797 0.761415045729901 0.22418432817034 0.265285495914262 -0.124746173374654
45              1.19758170367037 -0.139909834621268 -0.874445936470448 0.351243426266294 -0.186997076819641 -0.108488907420382 0.163710608409217 -0.396002387298172 -2.39069605920038 0.0775412683203871 -0.820873267003914 -0.616208860446258 -0.387786830227082 0.398488815970163 -0.331129776836217 0.15598535482163 -0.467752384996056 0.321746807545985 -0.00533103452663302 0.805318931336484
46              0.134693326502079 2.31085056709308 0.660103233289215 -0.3970422967766 0.0187448892472684 -0.573923085640622 0.26027333612132 -0.533601634091253 0.11989589521578 2.64734257803782 -0.386259630570366 -0.19468921594147 0.36911653102122 -0.967598076799532 0.332157408647652 -0.327569585829124 0.109896499060485 -0.335065341507065 0.523697589335405 0.663306918499511
47              -0.487302054335658 -0.702884160780142 0.702559108498963 1.01527281748787 -0.49742091256765 -0.123807424647677 0.389142282513143 -0.0394334435466947 -0.0933725635617576 0.37063817588693 -0.306970613588807 1.09511863522061 0.287729895544324 -0.216045816998598 0.159170155350843 -0.891903112874488 0.763981651925209 0.63190366029504 0.557232272687927 0.301726619123105
48              -0.858529134939339 -0.295599823970556 -0.765495277271589 0.140041164177149 -0.0481930807863733 -0.804834606448586 0.167643152836908 -0.587485384656403 0.170405350206271 0.253223326840565 0.134317709065072 0.29388724626401 0.185932021925742 0.444641124797329 -0.39127235410528 0.106650631816753 -0.252597213645714 0.093311207521339 -0.462352783302535 -0.451332951445614
49              0.0292517229128341 -0.653426246769727 0.438261135461133 -0.535970322609202 2.0643581960245 -0.248174910003004 -2.71147603437519 0.684695234707081 -0.023549455328792 0.924741793391658 -0.332389042850943 -0.125053626563354 0.356592852661247 0.256124820203487 -0.207887491116156 -0.172316168992556 0.00592263772904386 0.0290728519279327 0.229131803523338 -0.728333754441199
50              0.165743988153202 1.55391129873161 0.91723817628795 -0.221732367979195 -0.133965657280201 -0.624911047743975 0.0217549511436966 0.0532866849405539 0.0736728941241426 -2.19524773322445 0.107413665381611 0.602963830507845 -0.0764333288515143 -0.0744097080386099 -0.52024290579843 0.167255289655739 0.225991394670576 -1.00626400140774 -0.0649850925416125 -0.784765578368944
51              0.819102253845853 -0.124457396581546 -0.574748385955318 0.42617348107446 1.087668074796 -0.163829696410431 0.99854807630925 -0.245604921181405 0.519208838735124 0.076415716572896 0.466762621354561 0.380842902836319 -0.0223666501063959 -0.622982575996401 0.154864893881283 0.135180609716764 -0.402651080858272 -0.381904162460935 0.455310643951675 -0.434189862480746
52              -1.43988131577826 0.66670851648068 -1.29937041543659 -0.43647235487229 0.144654655632173 2.16711639767318 0.469983841492194 1.17404043093755 -0.154584045251814 0.0652247260949319 -0.00326389764715371 -0.227708778773428 0.148608497258411 0.0449581684838625 0.316907117526241 -0.376803243018697 0.606798560902083 -0.69582228918275 -0.347175652791668 -0.611405332993105
53              0.234272174692777 -1.31089552608813 1.0037074110025 -3.30727561826943 -0.798666224244336 0.344680772078941 0.801881549413108 -0.454800789357927 -0.207657929073139 -0.122073493473326 0.172279289283296 -0.0546034650022112 -0.208507033042488 0.0220835522203277 -0.260128838492914 0.404148001013933 0.176778142810314 -0.586827495696759 -0.0824611220453724 0.360906927442013
54              1.50544206350279 -0.0195781180226195 -1.21695931128168 0.408305344561133 -0.456968492392226 -0.0417550291673256 -0.00335933398402358 -0.327769690921027 -2.36725279901588 -0.346936544986349 -0.541947796483915 -0.27493397055635 0.152422345951909 -0.766768695489945 0.394726628935034 0.358560698556366 -0.397047881058763 0.189969300740551 1.43846464462726 -0.242683252728353
55              -0.194093639498025 -0.250963558430053 -0.0394487918090973 0.322914143294508 0.36063160640461 0.241481032102423 0.438669492171511 0.383253694712578 0.0309804406352147 0.0810301229456832 0.822630015635656 1.21776499720165 -0.0750709633317016 0.980900119628265 -0.91253237000786 0.467611662457938 0.519505180561329 -0.0514752639812068 -1.27250348365144 0.557618882581747
56              1.21768278231955 -0.137243018603492 -0.659826094038122 0.0459869716976338 2.16640817253719 -0.24772272918007 2.23106766169756 -0.470206374651516 3.46323236173641 -1.51973555320775 -4.22131895884376 -0.75616104942942 0.22592807805907 -0.0994950584108515 0.285227059119451 -0.981747279356742 -0.863885065477056 0.331792016308919 -0.779104713331203 0.769011838668971
57              1.43717746524244 -0.101312199173735 -1.21935410204695 0.441288818083013 -0.799957333388092 -0.353125485463818 -0.278577727967565 -0.573333623198148 -4.01296278839633 -0.000322503325159263 -2.15547595850943 -0.471924610996614 0.258758365978127 -0.121095918033056 0.267399459145595 0.896265927909842 -0.862010101410523 1.86078740053686 -0.933781804233905 0.17598908229478
58              -3.14179373394918 -0.423774505483968 -2.44549222080334 -0.727271753930728 -0.838784772220229 -2.71217640742039 -0.831270242079309 -2.5348349687115 0.707854595854494 0.0404121217948089 0.335558030146689 -0.721007405295018 0.481579972288148 0.488569057567753 0.742259266536387 -0.372720856946179 0.51735120299493 -0.44134293803688 0.503638636664586 -0.105633566443986
59              1.1012346155633 0.17982286556048 -0.644667528919478 -0.125193848305002 1.89827478898487 -0.483568352678386 1.67458258140732 -0.364674385077266 1.90722357013924 -0.611582832544983 -2.20949087185974 -0.519023922115806 0.818145656420064 0.887284334967895 0.723770653258405 4.51996915191341 0.581023567021448 1.677116479134 0.505713647680552 -0.610838122902535
60              -0.0604242736745613 -1.41677378998529 1.5315576441255 -4.36047893346124 -1.3449592646666 0.451941113274333 0.706809049736281 -0.309973007456337 -0.340466217995374 0.150312723224575 -0.707456424030661 -0.547499973618305 0.202536707822463 -0.189003811701264 0.241651570575772 0.728278931365478 -0.346016799818027 2.32442791964164 -0.948472151528267 2.18759002857866
61              0.883102275244623 -0.0537634752525703 -0.638045843008851 0.216943028315322 -0.90799282643721 0.159595495860751 -0.483055671787854 0.183236483821984 0.796901405851147 0.577962978981896 0.77372633876657 0.405925893695136 0.143093317417935 -0.458286176449999 0.142535106402418 0.713782947343597 0.490280194117499 -0.387391515957855 -0.338956131460866 0.364514652544561
62              0.262376351376018 1.87585206833433 0.814471826767488 -0.241732163311959 0.0896385578003951 -0.515794621413352 -0.195437691031211 -0.509860321369584 0.187564501502186 -3.97993620473844 1.15665829080598 0.832603662126388 0.451250406771841 -0.495388485376024 -0.0136745782397123 -0.549049207143225 2.99353531025131 -1.25662776388678 -1.80469232541751 -1.17712459561739
63              -0.0890421093750645 1.89144148534511 1.05910894214931 -0.341903751616084 -0.230145839853727 -0.836565970124167 -0.00549422276475127 -0.0406738594113273 -0.0635056070003548 2.44817592195941 -0.266180596190594 -0.266184148215081 -0.422445258289239 0.459808999298395 0.212932296362195 -2.61521799919353 0.162035514144707 -0.633485320424827 -2.30042732791669 -2.20017576535467
64              -0.128652390120519 -0.237290391254221 1.09951948010559 1.61966913130793 -0.404429084803028 2.21289393993516 -0.49883756750913 -2.22464002190533 0.483705978547437 -0.148501619622046 0.277119206795194 -1.41220048319255 0.47421526912677 -0.52068602580633 -0.734220340749125 1.97657306432088 0.0836443258594406 -0.873020770784997 1.18845650375166 1.20636311629757
65              -0.110023623589465 -0.360412480432361 0.354217853080003 -0.24087465038046 1.65921795152942 0.0277987706361912 -2.33413257685926 0.545330283413077 -0.0797044391076008 -0.0878225338001191 -0.2892082374816 0.0970869190212842 -4.40322674014462 -0.434552380935646 -1.8677864059659 0.01715849115762 1.02822660671036 -0.667212781975023 -0.144640324831831 0.840443983849701
66              0.773025061408114 -0.330691743095148 -0.421788872197303 0.313397204996623 1.53657046669299 0.214642525913253 1.43370608221598 -0.239415898528254 1.13870467725004 -0.403710630863352 0.837115796714397 0.520387220853455 -0.547943575677077 -2.48308349602252 0.936763090796902 -1.80961114719195 -3.05034959454351 0.530392087686858 -1.2715002121705 0.623214390327315
67              0.265587445749444 -0.520301881033168 -0.0698892752277077 -0.584724284565109 2.2561275211816 -0.377923131995829 -2.59493715053701 0.500200573101908 -0.22009471809704 0.583936696977092 -0.0743068175488203 -0.0732458851970125 4.0993105734011 -0.712558963634974 -0.434117233389179 -0.403942373619059 0.749905065149398 0.0839929582537503 0.272420766600577 -1.01737129376708
68              -1.0021901299425 -0.586669798366532 0.726744795501795 1.20036096162743 -0.667880499510498 -0.741324560872807 0.672040237012005 0.896251970581834 -0.424014641035391 0.825104519171138 -0.978951694974274 4.53222819910113 0.757969647518681 0.292844022690697 -1.61523876427838 1.76397138098803 -1.14301683112035 -2.61387099169164 -1.75158180705663 1.53588668221704
69              0.785025180041978 0.386347445193461 -0.444842358295752 0.228879125337282 1.2791613230191 0.308146983064048 1.56951930254623 -0.290557219951711 0.811217310535439 0.120498055650638 0.591112433104031 0.113632565072906 -0.451460169565063 -1.15256655755407 -1.23266309855935 5.09093813189285 1.02439942220455 1.6292396368032 1.44936945874485 -1.36281641035367
70              -1.98120174798721 0.845347181509804 -1.70313913972834 -0.441329661172877 -0.128689644732646 2.31289492399448 0.220257202390899 1.22698121253698 -0.137013637765993 0.0453833541708425 -0.0722238302586924 -0.318266805748175 0.048811780599587 -0.488381786636788 0.134059491656366 -0.0831157791398119 -0.4313245932795 -0.533018402119756 -0.518466610957317 -0.353415839502008
71              -0.747863452740831 -0.98788775486966 1.36038551227466 0.787287023785627 -0.730133412088238 -3.0572933424067 1.90150084437334 5.13783417408752 -0.501104328316262 -0.283571984536362 1.29959163259908 -6.03973780787729 0.126962564396949 -0.664801441640032 -0.756626028477924 -0.208049303230917 -0.00598073713823017 -0.351980547356602 -0.468579719404623 0.423496455519438
72              1.10118041133885 -0.531976276894965 -0.651172298904603 0.1289149142949 2.06531649366213 -0.181774758148277 1.9928395523999 -0.500169227798291 0.803706404761243 0.207232365268542 2.24055071891664 0.619424904617293 -0.0505034790001153 -1.33833992308871 1.26123947350109 -3.50554908460144 -2.88646561123487 -0.0516907695136663 0.561772293848144 0.3987385301436
73              -0.341292656737334 -0.938749149327669 0.855021538306708 1.08724506497925 -0.621638659467949 0.62242294999541 0.135384825316592 -0.716478264184023 0.212828814162542 0.483115919861013 -0.714055209197918 2.31896087502734 0.124615157840492 -0.908738986227781 0.110564444140689 -1.25059455547212 2.3124970105008 0.957168123192674 0.347610640591098 -0.161810622339029
74              0.934339141252149 -0.227872516190402 -0.737074050664646 0.275516920789245 0.678401617624599 -0.102610271271035 0.756387497931659 -0.0801907881863897 -0.286584621834671 0.102092007065086 0.575632989327982 -0.118793727454853 -0.128385474090909 0.13788304996842 -0.468702775294816 0.932433463821295 1.40009762872766 -0.360523627684797 0.194515055817267 -0.342199619587085
75              -2.01301035875299 -0.185331572346436 -1.76553656909517 -0.228718867341741 -0.139245328919254 -2.14188287797435 -0.172063702607137 -1.45882459200733 0.360962898487415 -0.163573989006059 -0.306545144493451 -0.305288454446324 0.380414792261974 -0.135797805006419 -0.221271359332694 0.176026761466285 -0.486178735175295 -0.371038942207453 -0.953634420207443 -0.358948008972582
76              1.02890685640234 -0.160360218026597 -0.738506970631482 0.191832153043002 0.422087913662309 0.258203178408293 0.440046860046655 -0.382753811372597 0.69789567802763 -0.0126302680071903 -0.0818326965154158 -0.166885696514112 -0.386438432011609 0.704356022142349 -0.0617843729205251 -0.43053210373224 -1.54522911456095 0.50509718277549 0.23946390810014 0.289254457220931
77              0.00615701701692431 -0.379954907410767 -0.139966997782027 0.00543495788802796 0.990853211672443 -0.387161245199506 0.383909849233387 0.10034802591725 0.423533677549746 -0.151713795579063 0.246576181248524 0.244158477310399 -0.682154749750371 1.39310081912839 3.77003869870939 0.42511782154923 0.339533049772839 -1.7353231051703 0.733106016827657 -0.318419386446881
78              1.73298912981513 -0.145676583316493 -1.22021536617597 0.358099434739524 -1.57458633799517 0.271996139657212 -0.442360196081731 0.0369825397250236 -0.457457735891881 0.102010363579661 0.67942460471589 -0.306995832735625 -0.18723692106432 -0.263966179405349 0.226330865406023 -0.274918096180943 0.00437003661063594 -0.252476204618456 0.83378208777488 0.0235981923415846
79              -0.518045174591609 -0.446979290002649 0.739965458233137 1.02421553415014 -0.458366196644938 0.381731838506372 0.276960108477973 -0.37773784115426 -0.146619564406343 0.248956497154785 -0.264083518983189 0.534928893349469 0.233405035400429 0.0995829110656659 -0.419478620734414 0.707605820138213 -0.169750147987439 -0.969924743808598 0.346024429015598 1.28151029460779
80              0.06685604656385 1.99366571505299 0.718765394275322 -0.259034095935103 -0.19641887405995 -0.710050685440866 0.338257167399795 -0.14701933332662 -0.0195823485487502 1.13820420302709 -0.141293235259941 0.131597369867557 -0.634333160166618 0.2252689987672 0.365297177460505 -0.253119474289736 0.478589413815194 -0.629645841409688 -0.87364487102695 -1.804476995191
81              -0.631764624113193 -0.816308601489287 1.08134116411407 1.14181918441272 -0.672458619989462 -0.524407111305093 0.484741785507695 0.462200486979679 -0.115933864189072 0.380938144975053 -0.448693851290581 1.28464953773463 0.0515039040406572 -0.22610411296673 0.341851587561822 -1.51550468986644 0.790610092933805 0.516645190689948 -0.138943606958208 0.321613575531231
82              0.0979734000009944 -0.630480057118944 0.331398720881686 -0.620764721667974 2.0000604030116 -0.158198071159547 -2.51260400537595 0.66133441843451 -0.201518916134087 0.237684861015882 -0.382993042181824 0.266210203841814 2.67268327454712 -0.000159274424970056 -0.121350619290141 -0.177554101691998 0.0592293000887767 0.555541359790869 0.316560618528032 0.700921821469021
83              -0.673277369468408 -0.476120509104188 1.03297932040891 1.22571964429246 -0.647284830414279 0.42041890860671 0.123765748127938 -0.778664934109564 -0.187757933522284 0.19906837975882 -0.307212702515753 0.694015982373067 0.319886464360297 0.355060804363395 -0.76737541981141 0.312450863289866 -0.165442526713825 0.464760470607293 0.423497566888093 0.906300323527521
84              -1.58979051142243 -0.385795671260508 -1.14471300228824 -0.198690952500449 -0.454700140955435 -1.73000217652641 -0.129796505529356 -0.747495921536413 0.432497677355956 0.080973088187941 -0.0377167011831154 -0.212822655569175 0.179915782221664 0.0612083474789594 -0.345433291841132 0.11681344931997 0.301524177590276 0.34502081884169 0.181667643238856 -0.38859634833354
85              0.268135155266593 2.07488292540687 0.85851505045054 -0.0918753331881862 -0.166772798107838 -0.700223583432349 -0.106448902398936 -0.0320900087234586 0.258901680764745 -1.27376484945775 0.236738572555897 -0.219414914437643 0.337032697253451 -0.252048719140973 0.303062953316551 -0.365351142478836 0.399552103159155 -0.247155403605392 0.825975287806282 -1.44315251511554
86              -0.0498644430165953 -0.585353517749528 0.569328866158086 -0.126770903027646 1.52019950164089 0.191614028483305 -1.96502475957865 0.372297383228501 0.123070995499834 0.145028575358264 -0.436790283132484 -0.106718709101497 -3.41728123860766 0.26112265943944 -0.877361314050997 -0.0418236570298251 0.161885230568363 0.543668927522294 -0.10981491293526 0.338302450829922
87              -1.49957389746322 0.692372641754382 -1.33852265526464 -0.329263637367177 0.136722851065082 2.17533154339226 0.3181750812128 1.2396542655108 -0.491555690468771 -0.19541940727689 -0.0664763201468692 -0.143942477767691 0.113591571148781 0.0296759496408916 -0.219569763276126 -0.76395614264845 0.50824926902551 -0.0706915703067606 0.393887458489616 -0.828868956567509
88              0.28060790381774 2.21830942842248 0.790865414904328 -0.222150566321753 -0.0119869454269522 -0.550259457580759 -0.252268528405008 -0.29703439347581 0.0855208135308588 0.873648783234461 -0.150908838705282 0.246329395904674 -0.0919991175835796 -0.355205149358 -0.450031821024514 0.440399484919552 -0.933880111054798 0.838248345620324 0.268226864667636 0.263513443488093
89              2.12190952599483 -0.089798539776371 -1.4227464255317 0.127228403500701 -1.71480877148402 0.110781858014405 -0.809237724280645 0.563509675097749 2.78927461138193 -0.0941212547608035 -2.73362900368083 -0.727445280643928 0.798747292083009 1.32153557528239 -0.949273214967333 -0.856901551877253 0.730024842646487 -0.768889417511899 0.187452645974279 0.0353854062136964
90              -0.80879750149809 -0.269821604042347 -0.626166679844771 -0.084007434944756 0.484072327410818 -1.04995689969391 -0.563828187900669 -0.518687977957138 0.0352868231435841 0.321695967559637 0.0602859789524104 -0.535252418466594 -0.1946366751211 0.615528782649743 0.850220878045151 -0.656711564976115 -0.954984188463879 0.104575258873611 -0.322949437888042 0.506687157819647
91              0.15974136220268 -1.13141371641127 0.915970030730804 -2.89840802730431 -0.540254041784084 0.511857024533952 0.674112973938623 -0.343179330847695 0.0385805831835299 0.12835202349847 0.0673786752834181 -0.0973369352489763 -0.150969621249603 0.220769459004202 -0.734295438023771 0.941078881604977 -0.143740537708394 0.976057913570006 0.277058537967797 0.0839249535698486
92              -0.547731172800069 -0.61607626650516 0.787197789166894 0.924576122953089 -0.0775568558664119 0.134274073533295 -0.169187245732757 -0.351811104054932 -0.0455210692196152 0.033627234310238 0.0173669080542531 0.356636357973571 -0.143808708136097 -0.00629803365236755 -0.556671846824354 1.00259282111708 -0.96091002894191 -1.2554071601633 -0.384906880179232 -0.58599549841586
