    919    4         
1              0.0321839614100552 -0.435959744776275 0.502841946575461 -0.135063788281596
2              -0.378512534594178 -0.528667278820835 1.38377321613767 1.38279113206064
3              1.39175851647371 -0.0752853071171234 -0.727546335637077 0.337149262916472
4              -0.546141094447496 -0.716565122236535 0.610572358914323 0.925399762192149
5              0.93162275761567 -0.0421013220004942 -0.952848447059355 0.440699723959762
6              0.41151151623411 -1.34813099418646 0.995900753720396 -3.01097373323002
7              -0.0331729461649358 2.25745609305909 1.34590622951034 -0.196736421162882
8              -0.704697910511802 0.357437054835685 -0.639814517559647 -0.0594599956662662
9              -0.000114679808201037 1.99734882419686 1.20885639382882 -0.185189825509059
10              -0.0881881198944327 -0.659146225583459 0.527148185447608 -0.196674212384703
11              -1.01812131737675 0.542544831911088 -1.08071768866399 -0.14840830401494
12              0.100227967237456 -1.07178446477355 0.859076873788917 -2.84136100500475
13              -0.0487644748677375 0.68401320998875 0.689085788248999 0.0186451652943945
14              0.15556474285161 -0.65876812060588 0.628414401320176 -0.868187439220492
15              0.0165128810106355 -0.649383980303514 0.302179851866865 -0.327309288404038
16              0.117640888074103 3.89916303610754 2.07935637149876 -0.89219705573368
17              -0.942258199673847 -0.977912921583232 1.22218032192764 1.13364976576898
18              0.113530862799271 3.17524537771553 1.6788676311566 -0.483352421616638
19              -0.187626012112154 0.493178333165735 0.530380527813813 0.0371769334395713
20              -0.372044364701098 2.05929327340246 0.114805983152116 -0.368351091029606
21              -0.717172382340981 -0.752776892011278 0.737818559534671 0.702153087396234
22              1.64629278054094 -0.187474548125773 -1.06062769727476 0.166840204681942
23              0.931241343761321 -0.234119647873523 -1.1412532896746 0.407633608461395
24              0.734161224720238 -0.261827696562665 -0.858553599501367 0.403612724796607
25              -0.0555472588005519 -0.598120712270564 0.504871677178732 -0.2087253393583
26              -0.571287208127477 -0.821444601172393 0.891132116839708 1.05825486035337
27              -0.756660830822313 -0.513596873038996 0.626480892731697 0.690925742905957
28              1.85859249658809 0.0450093558526007 -1.26298551508986 0.343312626952977
29              -0.494925564778998 -0.691181027299649 1.37902393079012 1.67633110476091
30              1.51214792811915 -0.151198995345002 -1.02114666341182 0.370948220241492
31              -0.322692951454368 2.2420988937316 0.379084879471844 -0.264134161074117
32              -0.805493209933315 -0.885399549960916 1.07607358777508 1.32935005047824
33              1.45634624398397 -0.090658573865119 -0.8221997956038 0.221936070152099
34              1.39702960990319 -0.025441380793797 -1.03381109647274 0.210744777429459
35              -0.275883167198217 0.380828778328525 0.332403275434239 0.202526996026116
36              1.76777236307194 0.109409378327038 -1.0145165866435 0.233935308099384
37              -0.774641702041873 0.398503167720331 -0.755279353376059 -0.134706625725161
38              1.53015150135541 -0.0568954683485998 -0.96274838846469 0.190674477653652
39              0.984794448030909 -0.244464589865577 -0.892496218395303 0.345732187369579
40              -0.860687090413937 -0.677615339454532 0.942814969830517 0.713882486309356
41              -0.795843646977465 0.760488875453871 -0.685590144822105 -0.0958054065954233
42              0.126439172461724 1.79824931961419 1.10519496150244 -0.185631651124537
43              -2.25758194923002 -0.190638846881426 -1.69069410540195 -0.291718621811386
44              -0.805529407540487 -0.741196184111006 0.759078343107417 0.888543154000894
45              -0.425688879321944 -0.692288546807915 0.848617682660214 0.95346019538699
46              -0.421950954249358 -0.745203942202041 1.15854415609108 1.49381472115113
47              1.59829728699327 -0.0330936081437702 -1.03448683322643 0.398270207851461
48              -0.825216804013413 -0.82148922742095 1.00183940072814 1.22067536592572
49              -0.677045252107193 -0.927256915587935 1.22893735621248 1.04264196338667
50              0.15811251200618 -1.25852923606607 0.999482023671359 -2.88206176336577
51              -0.531419698343833 -0.451098449811788 -0.120804278874072 0.276217296198651
52              -0.78423428438364 -0.899706788153488 0.80027753650209 0.997650956950206
53              -1.63118060004519 -0.0350767230319703 -1.34822609889113 -0.157070046142072
54              -0.865607237249239 -0.354371546858061 -0.991473419327325 0.085089494972331
55              0.0822289052626792 -0.694929551443777 0.245779777077851 -0.458587378376625
56              0.307081195938323 2.2293974388973 0.798082107348954 -0.288755884343686
57              -1.70826090900725 0.556965011641779 -1.43379287295395 -0.313099091805715
58              -1.48889793468884 0.828119247797863 -1.50723385923168 -0.57240791787476
59              -0.100785494753531 -0.514771716621937 1.02198451486205 1.1585051420672
60              -0.442395076231248 -0.385218874726588 1.3139302145853 1.49346760582937
61              1.66027577482701 -0.110376832489388 -1.14625711062546 0.246231110836715
62              -0.0170155200670368 -0.51952121631699 0.476637899221615 -0.396202021432696
63              -0.629104018792024 -0.799511521311174 1.41648920910101 1.35205171083056
64              -0.675414856745041 -0.647868523741768 1.11844929843174 0.759708961423011
65              0.0969879981953505 -0.479071095618375 0.353463346303326 -0.645740751630673
66              1.37673119163216 -0.0942673990724719 -0.939089715369606 0.180261507627351
67              0.839443083605228 -0.262412150059182 -0.732417387729994 0.343368967797534
68              0.142966670134322 -1.08933165949346 0.824426935811492 -2.809076903342
69              -0.192787876899514 2.69366084290012 0.694613345689252 -0.411815206815888
70              1.28849953076025 -0.127993161718559 -0.944509914153688 0.312347504167726
71              -0.0733882651002034 -0.517972731584526 0.560241476218222 -0.218239615126344
72              -0.551489865881934 -0.591150043329791 1.27599240425966 1.36290566423364
73              0.174968452592213 -1.29312301929288 1.02131121805365 -2.87891719518909
74              0.0576222231600167 -0.745109369514122 0.467375050315866 -0.493189592656687
75              -0.627371519923958 0.345819727366051 -0.707952224436147 0.0224297607078256
76              1.68492464960242 -0.0564092982148963 -0.950956438742991 0.0913487721366877
77              1.78676866500276 -0.105626615119709 -1.26735761562959 0.225335304859832
78              1.4841058687425 -0.100977547115059 -1.02316206324858 0.331797082063943
79              -0.634743161074936 -0.777137710950793 1.40828320666034 1.54915834330722
80              -1.43522820554015 0.703998466875639 -1.41157733662091 -0.367893399063007
81              -0.00495941593277476 -0.645882860831506 0.180454392269398 -0.49327633944731
82              0.101101755526854 -0.593839979042287 0.294970782756595 0.152201712093404
83              -0.149562406935923 2.84121704774081 0.664893367537257 -0.456604263349734
84              1.4941901150304 -0.183319217341288 -1.08101919683077 0.217198321103832
85              -1.51040881808412 -0.0369421611100724 -1.76695311630902 -0.58386941248502
86              -0.648931632143714 -0.648126689390876 0.929122542813407 0.911790003287114
87              0.220290103734142 2.96456872326698 0.929255489993337 -0.591371815058334
88              -0.211634208863018 -0.546342892310389 0.317160625712158 0.0974228542351809
89              -1.99123860332747 -0.106116435197837 -1.68373814077027 -0.236846315078615
90              0.170381492906136 -1.06663373643591 0.888917483961928 -2.75781541114941
91              -0.827203616777506 0.600762209571251 -1.0153433854537 -0.1436916230872
92              1.78557604290665 0.0603310516853821 -1.21466930768599 0.281729539187254
93              0.939890037423948 -0.332211786133495 -0.960450582391863 0.392280396213858
94              0.763722232289136 -0.349877116618491 -0.737552020744461 0.269855565429852
95              0.245638158538132 1.92764270310461 0.79401724373303 -0.12158893424739
96              -0.0875516388370931 -0.692171726321168 0.600046355441295 -0.858814488577351
97              2.01890204461432 0.033616229888523 -1.16692868098958 -0.0617817721703531
98              -1.48377159957735 0.722822685159884 -1.50808672199572 -0.16300385516664
99              -1.68059841803884 0.821180828225193 -1.57963324721172 -0.487359061840791
100              0.251844021560344 2.89710465596742 1.25335577098364 -0.551551087471592
101              -0.850247850044944 0.441509407148585 -0.67503267759987 -0.106041695576832
102              -1.44828169604671 -0.407305055243338 -1.41327198285823 -0.209190805966295
103              -1.67525064984596 -0.224112832764649 -1.65279085202619 -0.135991431868425
104              0.286302210165103 2.16682524762913 0.691119366425246 -0.450615381760557
105              -1.40989991480688 0.351182114493978 -1.50854244496746 -0.180441689809063
106              -0.913530008400116 0.602129515073847 -0.740075521426393 -0.16862454278204
107              1.61563760690597 -0.0954837866882981 -0.981007215447137 0.049962237285055
108              1.5720559606318 -0.0716094174249779 -0.836708401073594 0.00856838056973509
109              1.54685089117516 -0.0660195841682765 -1.01151704268654 0.327143527127541
110              -0.0649001504205584 -0.484278627077682 -0.00265905641296226 -0.0426244411959897
111              -0.348388064839086 -0.520676940526028 1.25466360183171 1.27771842364537
112              1.69775669451907 -0.0543703408670123 -1.29857385957681 0.148126387061276
113              0.269067045590086 -1.37266499183222 1.0091918805714 -3.36932973770192
114              0.333798398902085 -1.26920633215666 0.827324582742082 -3.10271888473078
115              -0.29430919554402 -0.609429564785462 1.21005252598906 1.35249654561786
116              1.09852327410569 -0.322483847471994 -0.587556159684788 0.0621474154723415
117              -0.768991532445951 -0.756468005183168 1.72325654074948 1.58009595068067
118              -0.22478678872041 -0.417309846736152 -0.199839223414203 0.385689511548598
119              1.51722280085204 -0.19863634510676 -1.07962060732599 0.255964019427376
120              -0.079504835050289 -0.768837786687777 0.528653345678562 -0.37786858585297
121              -0.355729289264421 -0.0288346764279143 -0.968441805530238 0.242714420613793
122              -1.6980400584914 -0.194807309900599 -1.45588297179669 -0.171199402606407
123              1.66187094400074 -0.0818093653412901 -0.933992047283189 -0.0348766108327529
124              0.125429519288928 -0.460404382702342 0.154871296891455 -0.0882230976834618
125              -0.904805009318249 0.862207488038761 -0.773237127599782 -0.155034092172688
126              1.4647737081303 -0.140682264879676 -0.925281676546249 0.340519134406565
127              1.54023976021166 -0.186908521167934 -0.992881485887778 0.307406780779231
128              0.283756019743753 -1.39311181278985 1.23474315689743 -3.18480958678865
129              1.10058668298865 -0.0998544359443318 -0.803290876528847 0.440536532546062
130              -1.07703619987008 0.105627316856701 -1.08436265653005 -0.201914055898057
131              1.55301960456456 -0.0917029195410701 -1.0432811875252 0.181532586828616
132              0.0301398104933412 -0.547814868896654 0.322143592009324 -0.214160106250268
133              1.30152741324953 -0.215410527923021 -0.783743821905348 0.220830546235369
134              -0.70345628821739 -0.859797279912667 0.950647932294488 1.08690598781525
135              1.16055755847635 -0.0949915636418396 -0.830057585160731 0.444712577662204
136              -0.385368217083891 0.778995138124654 0.39383642515049 0.00753345775965866
137              -1.92454605614168 1.4106023094117 -1.51868248800525 -0.465826434368046
138              0.246793457208642 -1.04179030570519 0.83851248531214 -2.92392777280885
139              -1.34695692066412 0.215692659544652 -1.0443831623965 -0.188926297071695
140              -0.960538461587121 0.438109156304619 -0.912730502692338 0.0137255967306891
141              -1.06984888617864 1.14399365154309 2.71007897675478 0.661991424383946
142              0.720621700111032 -0.234762111183006 -0.834913118665712 0.33915306513849
143              -0.00173936361490507 3.45253106579908 1.0152278927079 -0.631583515390447
144              0.791336385831456 -0.249921460708923 -1.01959208373552 0.382496834045685
145              -0.644666856472892 -0.687433484007054 0.614976570515231 0.664138857522689
146              -0.00769442144562823 -0.65312710772811 0.539239766043465 -0.374131173395269
147              0.116597692137703 0.506049859941374 0.663683359239259 0.207910669733341
148              -0.875265030497195 -0.742854841748701 1.12030656398898 0.299085341145956
149              -0.644873909721295 0.374162686659399 -0.673765878065668 0.0853215520866469
150              1.71002513985399 0.0260952688101758 -1.12588050569836 0.240403889490112
151              -0.105601970059505 -0.512323564502795 0.729252828329852 -0.556421819468026
152              0.353777726836654 1.818407672077 0.845127596506798 -0.414166074838428
153              0.0931199498343726 -0.687410565957285 0.482852642266214 -0.388071231418353
154              0.846831327343539 -0.239039025286774 -0.693765632468535 0.208393688023598
155              0.830580070779328 -0.143513701987738 -0.659900480135276 0.260206372031258
156              -0.127074770333548 -0.552783157053642 0.553869954294519 0.465868112484107
157              0.554740221454072 -0.270300739481213 -0.342510158639971 0.137263450235583
158              -0.810256658352816 -0.603173193260825 0.67336610470665 0.901931951269122
159              -0.0375717635131411 -0.50192199323473 0.56709539377278 0.721135334849677
160              0.188449859153811 2.06963321933381 0.71343714838306 -0.197155212313151
161              1.22797615906611 -0.105867229104031 -0.992002422448676 0.381907211138419
162              -2.3388213006711 -0.17145294177286 -2.09922267371561 -0.397942395368773
163              -2.13924637053674 -0.28864936587699 -1.84644964131328 -0.421222606837881
164              0.570432743323911 -0.305150432183205 -0.24610639868368 0.275751049379545
165              0.229162509604255 -1.14602999579803 0.79597592564286 -3.04113448355243
166              0.221019609693806 2.55140992720971 0.910337882165683 -0.381271459446667
167              0.235729238687775 -1.24297029475626 0.867021252804226 -2.8253155753604
168              0.819887708678476 -0.0665281473500465 -0.557211952886508 0.227926083515575
169              -0.5996937646053 -0.680906520505543 0.95435503839694 1.05975973819339
170              -1.02804229094018 0.686379778188335 -1.27626919215663 -0.119929655676753
171              1.31702577195047 -0.226126621201505 -1.06460354612661 0.308638624851526
172              0.834868409498156 -0.214692199031148 -0.693082048954371 0.230324794219215
173              0.107130817845435 2.09318161384321 0.930563525525702 -0.352318029926952
174              0.84207533258816 -0.278393111634564 -0.354951664273903 0.112416290657151
175              -1.31043590515394 0.744271795281532 -1.28371498008701 -0.193711681439362
176              0.722458562004054 -0.138975640063997 -0.335817316632199 0.222252298106388
177              0.166224283371417 2.78807388469583 1.51987456160773 -0.223592728658973
178              -0.443079070991177 -0.327566069289616 -0.841223913486081 0.0482747314823799
179              -0.482788167762331 -0.684518941646652 1.28175364490835 1.48519319246021
180              -0.201869055067272 -0.673054942537986 0.613185529052673 0.78484927720417
181              -0.0614685478959578 -0.660791030551128 0.507812501942602 -0.550324645104006
182              1.08718347176243 -0.040664108861555 -0.992740778368068 0.429417965951445
183              -0.106329737785269 2.55799729101132 0.79498678032196 -0.343226208846077
184              -0.185863054468393 -0.636751773205578 0.512005399522707 0.953182364164589
185              0.0429946131720026 -0.20406595208958 -0.123297274042524 0.242586103266036
186              0.0785440186357964 2.5304551292103 0.785240063284091 -0.465490649143603
187              -1.78621289648426 0.635700459104372 -1.47599877692569 -0.448518834447499
188              1.19003202354746 -0.118944467120735 -0.695834611863677 0.064285146753087
189              0.957767404455166 -0.0202616047186504 -0.609620757970681 0.234514550642129
190              -0.231746990981188 -0.701079853287444 0.560252563586009 0.983741374760359
191              -0.490651562836028 -0.793938063511467 0.776207479702547 0.960213560968888
192              -1.26542865605239 0.759793827807605 -1.27407641574625 -0.279303779748818
193              -0.702447521821045 -0.644173361309071 1.31044590395873 1.47890139536374
194              1.76709662101127 0.048104153076827 -1.02786905019025 0.00325027591215891
195              -2.6399741842272 -0.0564479845885746 -1.98383966703099 -0.416982704875901
196              -0.654660221428181 -0.728190162620304 0.82630195433857 0.891117546720865
197              0.12379040099523 -1.30846895379935 1.05438603604942 -3.32933795651705
198              0.114763238032264 -0.495608293252426 0.545145189318426 -0.213781359850735
199              -0.345599898151202 -0.574257239178049 1.09760844384147 1.40676649553228
200              0.132354613285137 -0.496474132551655 0.178338275892806 0.522444183995655
201              0.182952470594776 -1.32738829371633 1.12657739530101 -3.21603175348017
202              -1.60697980396435 0.655422039518258 -1.33084582234375 -0.303291020754074
203              -1.41416166802091 0.745401716741906 -1.17529464671513 -0.339542352641654
204              -1.75595078777363 -0.33151907056642 -1.80729123232928 -0.385243771038466
205              -0.62314668736037 -0.591283648139 1.47901985281958 1.4905129248478
206              0.200314623394766 -0.455332508893221 0.805658423114132 1.16584017550957
207              0.0817473191866294 -0.53432351693137 0.484494631452809 -0.248587975777036
208              -0.189930714753105 -0.570132149646024 0.61201844968374 0.702008282875892
209              -0.103877164854079 1.991846703715 1.09816040195509 -0.120499141129962
210              0.87466018393638 -0.249109955719706 -0.577783646214607 0.177464091341598
211              -0.479631111205582 -0.397010715286184 1.52877417473379 1.47007714502873
212              0.161878343646175 2.74209565362861 1.04136435738423 -0.332361747405024
213              -0.122550058389571 -0.673341664212371 0.466094057130091 0.792223837322104
214              -0.649003916660148 -0.781378889803314 1.17746924829872 1.53012428833776
215              -0.697196485033894 -0.706080626713737 0.931259598912138 1.12570059056225
216              -0.611157753885788 -0.77632287824409 1.31992792023676 1.40443076542105
217              0.752072647458849 -0.253148196421689 -0.579356987730536 0.248182188591402
218              -1.76804772556262 0.711333136360431 -1.33192408167517 -0.225688230632269
219              -0.112523830236247 2.4033623105503 0.811766878250558 -0.456274865198009
220              -1.23660824018715 0.860571644186949 -1.19518409735375 -0.464444727322531
221              -0.981853478783443 -0.763171550903087 0.921831502421353 0.944355540679007
222              0.0948168978401628 1.93588419936884 0.832041710928411 -0.200868537497655
223              1.17855774602856 -0.202228070920298 -1.03732993576825 0.465880982650178
224              -0.371868193054319 -0.451195338845759 0.121483911611881 0.61285552879313
225              0.506838452929992 -0.222597152803995 -0.185384686894726 0.266218077453352
226              0.0293664010475941 -0.638626353359576 0.27177314230896 -0.325270218980523
227              1.25220821461383 -0.210968335588328 -0.996734792124627 0.321430397352336
228              -2.21861640945306 -0.229166571570159 -1.92086871268499 -0.373322553882663
229              -0.611728821573626 -0.61567787763575 0.672297208051239 0.685568348958203
230              -0.580219049693214 -0.576983407364057 1.38433916612852 1.58080004350198
231              -1.18963606694301 0.545951569565885 -1.26120300238923 -0.0961103519614316
232              -0.128034151555089 -0.480692011530728 0.339692766391805 0.278571914622091
233              -0.170205132524169 2.28092508990624 1.41261862642911 -0.117589165519437
234              -0.0775720798155632 2.33697241482187 1.26378437782056 -0.295098219607669
235              0.151047995234539 -1.20204700834361 0.844228544610989 -2.80235920184048
236              0.180133278717359 -0.360916276356784 0.088506097641404 0.271012805007616
237              -0.891490121900484 -0.645800880099364 0.776254772093277 1.13370949317929
238              0.0276661283971446 -0.618201191535502 0.412373171930944 -0.274315717608929
239              -2.35545472788365 -0.172602639039534 -2.05463127802883 -0.392634073244627
240              0.133980520350197 -1.36901751644115 1.15206053962911 -3.36565432238937
241              0.480923613532847 -0.254457989849962 -0.117594335803945 0.200377092196228
242              0.299553552070395 -0.132461715064521 -0.0225640991528519 0.317125754361519
243              1.4029937299534 -0.211166601221068 -0.780670867170995 0.249148606174135
244              0.0713912134125402 2.82210231300606 0.839530322959614 -0.417337698820908
245              0.14725777465261 2.10083660844747 0.546954331792473 -0.277879722977417
246              1.8297672613471 -0.171493006140264 -1.26695743923734 0.291916606289002
247              -2.31866589860723 -0.0901540079450351 -1.91807581093939 -0.372810016502002
248              -0.556401264458679 -0.945741592558192 1.12117037676011 1.0893228833072
249              -0.0695707257226071 -0.5689988914777 0.383495468291339 -0.342027011772607
250              0.812569507296875 -0.201122321445304 -0.479767094046964 0.0861638797226135
251              0.138560423970015 2.45215816534212 1.10903551190781 -0.426490860224731
252              1.21172335725587 0.0133706877203099 -0.850685041241263 0.190510238893908
253              0.777379686753805 -0.164781107829203 -0.328708706727966 0.147278234429686
254              0.195851190158721 2.31874888674946 0.96795349192196 -0.353697898040211
255              1.72661338872454 -0.172839559509973 -1.15668254061511 0.319861439791883
256              0.331557188822344 -0.270521915783537 0.0683880393172964 0.185331556742218
257              0.199758286238172 -1.41682029679531 1.10295130699099 -3.09121352045593
258              -0.105414587755494 2.24691613819453 0.743015734080082 -0.332849873788087
259              0.239663808343066 2.37066142621233 0.701255510692938 -0.347955793301702
260              0.914625349824215 -0.103940783263478 -0.673700118716735 0.299503982772227
261              1.72901588144099 -0.00262977664437584 -1.17993032230596 0.217761438831872
262              0.104197046573397 -1.27551349927051 1.03760658057838 -2.84133726454413
263              0.0612050636231649 -0.651448193357441 0.403402305484967 -0.445602601670274
264              0.213318252178225 -1.10190558846585 0.955301274663926 -2.84683582323544
265              1.19058915084867 -0.0870427155503597 -0.861663367805324 0.438915778885743
266              0.0464571059107632 -1.29935010199659 1.27870135969325 -3.40680797156555
267              0.167779249646001 -1.2287843910578 1.0336795208152 -3.2587511035154
268              0.116255824666503 -0.688419629343921 0.194887961641316 -0.43869328219113
269              -1.55548856045889 0.677894645664306 -1.23394494668648 -0.248149911939867
270              -0.786388673759149 -0.961900312330534 1.14370498973655 1.05657084413755
271              0.26987380271576 -0.324904194420587 -0.217930132180369 0.334172839256967
272              -1.02982297649355 0.560888626890969 -0.523141496159366 0.0189071116739252
273              1.07042189361423 0.0812735525919792 -0.515364593788231 0.227908435743755
274              0.389132546577534 1.64651291728271 0.402652706576388 -0.365041195472518
275              0.75340588634366 -0.221668911414339 -0.599810296505878 0.245957518311946
276              0.478658576794627 2.39187804117272 0.794735775700645 -0.316785981855911
277              0.334615291507676 -0.143725590777901 -0.145570223688188 0.352030311225169
278              0.255881470703214 -0.267128199449046 0.080488860068859 0.112492153179685
279              1.12984155232701 0.00268907726917124 -0.612339458776444 0.213026346983921
280              0.0860272981455585 -1.25903221094498 0.988028378562838 -3.28728176644958
281              0.495911627777228 -0.359786094646149 -0.102180348676215 0.28936334826427
282              0.879546355306794 -0.32488561295064 -0.56483380439641 0.261203950389335
283              0.222604704946042 2.17336128225982 0.795340482687849 -0.335829199313551
284              0.59842674247994 -0.344402269499536 -0.362540481416646 0.296497886316685
285              0.249770801310745 0.0675264677036982 -0.0215494453423668 0.280098736586961
286              -1.40679686716866 0.997885875227487 -1.33511264075036 -0.216987914710944
287              0.194354066946268 -1.5063352167623 1.16398906933233 -3.56168970170746
288              1.30171526004694 -0.150965411592868 -1.16806887566539 0.31877794204965
289              0.231990382169234 -1.58107474275424 1.13116868405967 -3.47912661939143
290              0.0833747735293709 -1.20923787601179 1.27842683721372 -3.45679637397353
291              1.99538612477775 -0.0348990662372292 -1.35242296041863 0.413294649483348
292              0.369658566806849 1.71774331672258 0.526365720208277 -0.141528893571872
293              0.875578998887965 -0.164156145541558 -0.577543086781346 0.207395687997921
294              -0.519889573677554 -0.315261508105711 -0.519347234912329 0.0975242860639282
295              0.586981942604358 -0.371340451588614 -0.22046753134775 0.198783421636263
296              -2.55861917059861 -0.193726322042407 -2.1725652784482 -0.4067526075862
297              0.861649556560581 -0.299150317405993 -0.607153025255148 0.271438408072915
298              0.550608503770215 -0.217201147959769 -0.251052431677612 0.0521119565830289
299              1.3160683069357 -0.111180893380686 -1.08826819637536 0.525903328700512
300              -2.17629597680364 1.27821570137195 -1.70120528463828 -0.47767760850744
301              0.157306291718346 -1.03457334934123 0.987927521934025 -2.35150555592785
302              1.20823219350851 -0.132547623267719 -0.940629699639596 0.235728130720107
303              0.46783737537212 1.99493798430304 0.794738422428912 -0.314594950399052
304              -1.90892458491121 0.843970184590573 -1.89890903671839 -0.460472308315183
305              0.921816239097522 -0.194822347235012 -0.464292793392793 0.13107623508192
306              0.827913806326652 0.0378054189594412 -0.351563346048188 0.14903806804462
307              0.155140674436734 2.13229707050885 0.985223973948047 -0.226548322383334
308              0.544112630912294 -0.416210378133179 -0.379784452163562 0.113313636391624
309              0.291260924822663 -0.460725436295604 0.105743846827241 0.357538373956004
310              0.683351901246082 -0.201870688915718 -0.305604119930876 0.151701364828864
311              1.26905256100338 -0.35131303678273 -1.07956616942962 0.361128738479743
312              1.36684195009819 -0.112527027957852 -0.872359933086826 0.0751020731750256
313              -0.443610559036589 -0.897394216604008 1.38851180755326 1.48103395442948
314              -1.28907596268659 0.586064590405689 -1.83906577464066 -0.191520929811467
315              1.06601262973298 -0.191159420591271 -0.711512818048531 0.39103016389184
316              2.53516645656039 0.119583042693155 -1.79911457270226 0.122711092235464
317              0.992134438410294 -0.0579772596520433 -0.627565780021738 0.318900056091532
318              0.75036815566968 -0.24257673008714 -0.334615324585902 0.235415987399326
319              0.723628732669144 -0.219492914147575 -0.309325941291659 -0.0624955107023319
320              0.172008099698972 -1.3612314907147 0.919616776638242 -3.55742751898864
321              0.180806565257036 3.46469861848225 1.37720226705391 -0.707180130160337
322              0.74149107502087 -0.367261479022576 -0.385151894699687 0.132290796051855
323              0.929497528332958 -0.371330391258129 -0.427200945029187 0.0315820699105107
324              0.389096574686993 2.14065865862403 0.626216598213643 -0.194024555835954
325              -1.72872002731426 0.729186257135241 -1.02238534432926 -0.0642062171133475
326              -1.49505321644875 0.494608387381356 -1.36718803203986 -0.343422410154664
327              -0.521925526482429 -0.569633291431745 1.58201301949831 1.42904953432605
328              0.365863223590889 2.41460532456592 0.894868226639437 -0.359396297848098
329              0.509313028013836 -0.275768843547696 -0.363137734896802 0.0727115057451899
330              0.944865564716654 -0.352993124940766 -0.404013952656278 0.264683183289381
331              0.886348219396932 -0.145798112537299 -0.517627130333096 0.271681051182649
332              0.337409940488724 -0.986477604646371 0.892583093466221 -3.22919815435331
333              0.831756577306012 -0.251621814695534 -0.465989910807309 0.321059681284167
334              0.485384169227745 2.00666283702351 0.465468961555166 -0.336844762286065
335              -0.0346145677284063 -0.802045756972765 0.423887446797578 -0.766256907299982
336              0.927657120500758 -0.277490136696053 -0.467197236160197 0.180025887570647
337              -2.32890962835691 0.985741521253858 -2.0954947819457 -0.528190418742401
338              0.417577839010044 -0.191195960459498 -0.137863090574675 0.329324932462698
339              0.742527887033643 -0.143366042372726 -0.345504053923512 0.21323155633273
340              -1.34205083079593 0.584097707916917 -0.339188814784113 0.0687218963945704
341              1.40875706786749 -0.227737048478283 -1.13946608454332 0.52800328507297
342              0.796810970512542 -0.237360615519837 -0.529614218985304 0.0639297461677335
343              0.420622721772253 -0.273833242235776 -0.00864158297645205 0.323741108679273
344              -0.0073146112145076 2.59718230434426 1.37543806218709 -0.413730296450852
345              0.302857573176665 -1.19574755559549 0.838150638775036 -3.04492293551532
346              0.958306983172311 -0.421423049017389 -0.485279871080273 0.293644137559037
347              -2.01740125342032 0.874143606095737 -1.31313681776443 -0.483581668933135
348              1.18024376227468 -0.233656515335898 -0.988900549068184 0.327762185511486
349              0.727629140444234 -0.302206040960287 -0.379997743771032 0.103609510075651
350              -0.448101295545665 -0.350799035908281 0.813006552966511 0.817375066729404
351              -0.643511556475985 -0.3628665990956 1.17896922406923 0.726978567500496
352              -0.725112247679006 -0.31969571366178 -0.40049183495717 -0.999796417205368
353              1.77968905074737 0.0854297704635845 -1.07131842508141 0.0857933154960612
354              -1.63254653626269 -0.144120569440681 -1.5727452905202 -0.197196056604139
355              0.156176521191455 -1.33666335962396 1.04451670611215 -3.2701129058488
356              -0.605167532557611 -0.494697872053821 1.0465724682907 0.659700753545329
357              0.117785511739433 2.11609138990269 0.917386475052141 -0.290454589745054
358              -1.25865475691183 -0.0751880938057528 -0.743745014028232 0.111992590276494
359              0.0297656570214314 -0.5194146798351 0.31993105544121 -0.381619200289499
360              0.170986154289645 2.30223248778868 1.1107907434051 -0.366723501096
361              0.733687948302233 -0.361824943185928 -0.334640474873527 0.358499538876506
362              1.17917870284542 -0.122008073632798 -0.959647806909699 0.189593647442614
363              -0.399048075474741 -0.310238499677587 0.242958921770199 0.518993725930826
364              -0.596843937621669 -0.716837078642088 1.07316130996245 0.908497693517312
365              -0.503298937184975 -0.618225871089247 0.680140066812403 0.877906288828132
366              -2.30453050315058 -0.0659490255932874 -2.00238670085593 -0.444211466228841
367              0.257138417028797 -0.46264893363431 -0.125361082290211 0.136110102238438
368              -0.373816361784875 -0.403504829311259 0.777226035908944 0.914648007278194
369              0.399066092295793 2.56150724303646 0.755518383746253 -0.42626892110047
370              0.049772696594788 -0.460897701895142 0.085389111545656 0.138415832718898
371              0.0158771838142117 -0.618726518501067 0.53121752066469 -0.436086021657147
372              -0.162678551012247 -0.511389014787982 0.379409042476073 -0.811205760614375
373              -0.592533371227728 -0.424714135484369 0.578405674505147 0.821818513353963
374              1.20274572752453 -0.217331941084197 -0.857389059740334 0.173294816658351
375              1.70091897009074 -0.0678105581661512 -1.12544844712136 0.227436764528046
376              -0.138694101744171 -0.295915859897352 0.396435719663346 -0.178797541463843
377              1.05737256682944 -0.124102176488426 -0.793420927863179 0.36059383212935
378              1.2165359704 -0.202957628971222 -0.959247735909238 0.473612940775921
379              -0.962335755214395 -0.304078705365088 -0.735609002696184 -0.058223013784895
380              -0.000820833473457539 -0.307204098368037 0.140593628852948 -0.065256591533006
381              -0.00275988984091425 -0.432236427432369 0.261511033846949 -0.344249605379423
382              1.57503705153181 -0.0982614234130529 -1.1595452956578 0.195900725066272
383              1.06609138966002 -0.171271797695592 -1.05076652480155 0.19579089704974
384              -0.425873002239845 -0.581458243271893 1.348637599682 1.44545720276532
385              0.0610134573192301 2.84873540956128 0.961672443258301 -0.399891307130513
386              -1.55063755187959 0.777097078624761 -1.41853239401797 -0.302781239278719
387              -1.83905075429161 -0.149270971618809 -1.54573446780214 -0.396310493648368
388              1.66440603797728 -0.0589978827660149 -1.02760895889593 0.23636509074917
389              -1.51231017500368 0.891380504196279 -1.24087622541396 -0.381040254433161
390              -2.08075704878662 -0.295604540849105 -1.83140604262155 -0.406946486495029
391              -1.84265633895565 -0.149338153205955 -1.53726648434301 -0.403064535647539
392              0.171968381549783 2.07178927943451 0.967561591891762 -0.212177188829527
393              0.124321749611186 -0.277188981692349 -0.0138158392352249 -0.0569915138644964
394              0.136272754609579 -0.417197460768114 0.162413551186788 -0.165036224194279
395              -0.207330333855031 -0.345848260411439 0.379480753934414 0.116506762921454
396              -0.0474739913659158 -0.337559151461161 0.196273941767723 -0.190042576274035
397              -0.667589033350968 -0.543205136786358 0.921467719329413 1.00938278671277
398              0.746045645515516 -0.0999967068349797 -0.455237653681338 0.268464720877811
399              1.12794102023367 -0.122745077953193 -0.85570503600388 0.303515265983067
400              1.25268318473082 -0.224006977286428 -0.886985933359421 0.477924662373856
401              -0.327333218346229 -0.514481142767136 0.687355981604704 0.800451460354667
402              -0.373019002534311 -0.404034184374305 1.22805766884793 1.36387083307226
403              -0.485180321733846 -0.190547449857978 1.37734861686619 0.910354792235039
404              -0.429718729516171 -0.767311565925998 0.769914727928135 0.685895105691304
405              -0.299810503011781 -0.206515529568875 0.0949764629472387 0.437532798534923
406              0.0965995866230614 2.18177477740458 0.893480909681527 -0.286970984837281
407              0.20356318587029 2.66692828169267 1.00584979023359 -0.361594384099485
408              -0.114913012704002 -0.312134216463398 0.305246619603274 0.0608011968968619
409              -0.35413843857406 -0.812485817039609 0.711625550733906 0.762098874511061
410              1.03095498925821 -0.196639162549622 -0.646599478412663 0.304592141646611
411              0.589536202908353 0.00347396262087868 -0.317282979631446 0.239164753417058
412              1.46170121056968 -0.230914440208263 -0.873511297533232 0.0886803121802346
413              0.224398526757727 -1.47381076712214 1.01727487902623 -3.39982831657355
414              -0.492884492451934 -0.533640352641417 1.17571568405673 1.27954015429123
415              -0.376055081978072 -0.163839512990523 0.12513291388957 0.459778117338951
416              0.195430475159442 -1.2871079110572 1.12658359061131 -3.274767451316
417              -0.350524976565319 -0.262775701325726 1.00042226052175 0.951010185855544
418              -2.38946070840128 -0.122490313456967 -2.1392676069993 -0.348279410255172
419              -0.645122233660347 -0.448320819978116 0.752072882162329 0.890082909613409
420              2.04024655373449 -0.0418280817186485 -1.31073089518062 0.401100971263481
421              0.0922421383760567 -0.424324649556989 0.262227094346587 0.895940032985487
422              -0.409076092325623 -0.407792217946902 1.09116516653388 1.32050655788673
423              1.736839818296 0.0920938697561528 -1.00663586636852 0.144307984363358
424              0.284999084122861 2.20774575190691 1.10475976727766 -0.340596088777064
425              -1.48615093015255 0.82376231482827 -1.47681050281909 -0.0915958867645484
426              -0.0395086140943064 -0.676751234520846 0.607063386597429 -0.51533968143277
427              1.11707195410088 -0.0793470780225885 -0.699210971512062 0.374681423065818
428              0.219660318831832 -0.286315978247892 -0.00191161797998585 0.0119455241798687
429              -0.184072943343907 -0.276762878509843 0.0817617520335307 -0.679495485573779
430              -0.133673807590384 -0.289191182600523 0.196132114104118 -0.175391470298686
431              -0.265577658589235 -0.142028217742265 0.700972647523468 0.800345628946689
432              -1.95963006783829 -0.191519396224957 -1.67087133167003 -0.472937249551835
433              -0.322958897428689 -0.593714799490079 0.843933974523896 0.863121389678863
434              2.01194194052781 -0.0420834403569816 -1.16715379769914 0.128525394629898
435              0.0273978659974556 -0.640699362788528 0.255271644869948 -0.341658818150668
436              1.29026809371155 -0.118243216616604 -1.13143479428729 0.352932558276528
437              1.1029054870205 -0.118979762728398 -0.964336592969164 0.413308405299838
438              -0.788015765519355 -0.414196873332771 0.992460178574341 0.92357305957655
439              0.12974182337094 -0.519139208629771 0.179063309365997 -0.0643941312858467
440              1.79159845000745 -0.0718118284104347 -0.988170102056929 0.163300834853948
441              -0.518947138766811 -0.182235704837312 -0.146908859518899 0.31578025003261
442              -0.307926856350375 -0.420968148573553 1.16302765175208 1.32244204175336
443              -0.543458176243654 -0.635457521344974 0.703447423813264 0.811352529071392
444              -0.723520024948551 -0.836467623473523 1.02176389719732 1.21781105583583
445              -0.492019160939148 -0.670313376922092 1.37542071322958 1.41787934532178
446              0.096228998157348 1.79161582876654 0.892604908318305 0.0394639677433898
447              -1.2346654793259 -0.0507319256571966 -1.23530216678379 -0.0597625404111639
448              1.19758170367037 -0.139909834621268 -0.874445936470448 0.351243426266294
449              0.981098654931724 -9.48841169957366e-05 -0.954473387317909 0.331087139451731
450              -0.221291005189326 -0.412431641977713 0.671670028385544 0.874334979369781
451              0.105832761851913 -0.217668336474424 -0.12033027064787 0.0620068179308348
452              -0.047092616419737 2.54028909465717 1.32663531435233 -0.305888262152927
453              -2.08969969795551 0.991618376033068 -1.78396560544575 -0.490715601724051
454              0.0306738088747304 2.25095066218319 0.853051228926687 -0.227557904638805
455              -0.117427939777544 -0.17633368933231 0.167823411271644 0.426885497954764
456              -1.96442584650024 -0.0323410625904298 -1.71531714853154 -0.157818755024599
457              0.155242548214957 -0.669468031638823 0.394464466519329 -0.156205766918935
458              -0.268958487565132 -0.497456498249928 0.459510725569033 -0.00178448839279981
459              -0.257539391883735 -0.367372278431733 1.11151810796265 1.39098233548362
460              0.204109235030798 -0.938405119853198 0.527919616026649 -2.15000598864278
461              -0.671913829506502 -0.286361743564844 0.0952531863038248 0.499896257685092
462              0.134693326502079 2.31085056709308 0.660103233289215 -0.3970422967766
463              0.0111436739986777 -0.643427674065393 0.243226543825641 -0.478497617275794
464              -1.97955656683989 0.545877483380773 -0.813991327642996 0.15904843714152
465              -0.306182891736277 -0.517940458049512 0.70839963527934 0.759931556977874
466              -0.438589772746432 -0.454583432961032 0.995299234233674 0.997335926755235
467              0.178623868553927 3.25927420794843 1.36716401934963 -0.572016095361825
468              0.123429837470708 2.24529138283542 0.835385736097447 -0.317763914171131
469              0.939028735313922 -0.299893396350414 -0.468009535843382 -0.448385744745882
470              -0.87025206591511 0.536619147776973 -0.431756292078584 -0.0762193359391677
471              -0.6006462258302 -0.411017365784608 1.29363058383916 0.900781267529723
472              1.84962901270845 0.114091000275161 -1.1929686288387 0.122985155208515
473              0.153310839116798 -0.367375409507061 -0.103069609359696 -0.000399289795062473
474              1.64815101054152 -0.32063630863703 -1.10536506324645 0.278231195568394
475              -0.487302054335658 -0.702884160780142 0.702559108498963 1.01527281748787
476              -2.16256478054741 -0.0542416314640535 -1.61140236492243 -0.507428844265474
477              -0.858529134939339 -0.295599823970556 -0.765495277271589 0.140041164177149
478              0.929929627513415 -0.303092531356741 -0.644647381763825 0.324198555445336
479              -0.373345786271445 -0.377273477648148 0.662970624316948 0.913883846783924
480              -1.30446101070511 -0.235700518116779 -0.556239163281926 0.111296122703919
481              0.178187056493658 -0.528202793166153 0.0434224602034684 -0.166913787151192
482              -0.512011499450499 -0.504082924013512 1.05046817272953 1.0811011361297
483              -0.023792806682093 -0.587622327528653 0.912075223293996 1.03536902409602
484              -0.259792905690016 -0.45121744993236 0.901094654126616 1.21086029334985
485              -1.63736105753209 1.09533221412108 -1.19862077195441 -0.36764567712611
486              -0.507437929877225 -0.794546607682192 0.787051716125213 0.875762101796077
487              -1.80076316817615 0.794471057146602 -1.68267331459204 -0.440907140924096
488              1.24059936686116 2.11873531251451 -0.192985765874415 -0.379386341276208
489              -0.775070278543473 -0.623610248793559 1.16502822997141 1.12101342784347
490              0.0784050615221136 -1.19699510875665 1.1651466934987 -3.31038231541489
491              -1.42458422566606 -0.304612987828561 -1.04927442485512 -0.879124578132028
492              -1.91612122953038 0.782450004728228 -1.40998342228871 -0.495343370686512
493              -0.113413442930116 -0.156474650659709 0.0889225161822785 0.313942760353953
494              0.265461571073678 -1.19788392560666 0.913873728716753 -2.63105125773983
495              -0.212397911308955 -0.392969925329833 0.505328734181795 0.528889500331646
496              0.0292517229128341 -0.653426246769727 0.438261135461133 -0.535970322609202
497              0.181946396334041 -0.230145397072125 0.126703966590938 -0.109833711336946
498              0.223295162148764 -0.406325653307972 0.0571262448126346 -0.171893496858203
499              -0.485483594410451 -0.64331672005059 1.18341522567427 1.31282582014019
500              -0.387179310189648 -0.33041624490308 0.650531541001599 0.572899449847916
501              0.229942364295412 -1.18887203676652 0.826390996969709 -2.94994512703175
502              -0.366215215886449 -0.583721766888615 0.816804870983921 1.04978049153509
503              0.941397916342981 -0.120980837803031 -0.820725526998691 0.347534028457585
504              0.165743988153202 1.55391129873161 0.91723817628795 -0.221732367979195
505              -1.22838600916955 -0.208531496173823 -0.980347125159626 0.0339946939120081
506              1.33070978641356 -0.153842456342507 -1.10280483388067 0.630540808806523
507              -0.463513767589675 -0.801706370120808 0.650962877242288 0.968644323682246
508              -0.430780880271483 -0.221913070603692 1.14410685793006 0.988713874115063
509              0.0194576623063703 -0.371692778411146 0.274959689666827 -0.375741787835262
510              0.250291530547135 2.32869397340206 0.754659023488077 -0.224157892883537
511              -0.775967143991272 -0.72554765839063 1.06511930409694 0.874832046637794
512              -0.0308151654172098 -0.489522946398531 0.397353073390015 -0.451074363389494
513              -1.09940010623803 -0.204316325039626 -0.736327809986961 0.168919361074135
514              0.819102253845853 -0.124457396581546 -0.574748385955318 0.42617348107446
515              -0.210595496628576 -0.526583061303328 0.657020814512443 0.799844496632781
516              -0.425402614644049 -0.58883471678795 0.771756711433849 0.939927243496086
517              -0.363943674622105 -0.122334570692312 0.838570767959462 0.491437156939431
518              -1.43988131577826 0.66670851648068 -1.29937041543659 -0.43647235487229
519              0.140638109874334 -1.1793350001839 1.13611522748845 -3.61528550679554
520              -0.0493087603304583 -0.742072770605819 0.54637240004108 -0.315469397905547
521              -0.760392995485801 -0.178999973222634 -0.691318387884898 -0.194798841213138
522              0.000930664053053733 1.63636383080621 0.7202345238621 -0.214736678473798
523              -1.62785320815979 0.727546127349826 -1.51880563575421 -0.334842869445829
524              -1.48351818469346 -0.0437290837155869 -1.08498886691862 -0.159195939889648
525              -0.0889337254357166 -0.237657644336707 0.513975508048234 0.801978656483795
526              0.0768756633687737 -0.536510320955409 0.354049835017282 -0.690784151952546
527              0.0943683825764679 -1.14767746608614 0.884075294819464 -2.55272164894932
528              1.57066267560388 -0.046365200508709 -1.16777108413424 0.21522287496299
529              1.07083722851559 -0.0467443690208859 -0.969013983897451 0.297702350081172
530              -1.04497415894067 -0.03081422246659 -0.73791384164034 0.0807985369602085
531              0.234272174692777 -1.31089552608813 1.0037074110025 -3.30727561826943
532              1.09018131423249 -0.166065485165951 -0.857302702398012 0.39501147893205
533              -0.727164347958017 -0.721491342735834 1.15467385406984 1.23485887380174
534              -0.124527586546023 -0.130733005134104 0.0942087461508803 -0.20698214586168
535              0.10254523616097 2.20701132443961 0.920143752388157 -0.391313368240445
536              -0.41708761754201 -0.440420767297174 0.93558628535077 1.13387556531015
537              -0.0752592190327095 -0.33853137820963 0.321495434093869 0.0958987544765211
538              0.25033043125298 -0.310659069116705 -0.141358186570696 0.115250174470796
539              1.12986563743109 -0.241829702257678 -0.885151777818321 0.3163314750876
540              0.727739349183652 -0.38083343105558 -0.354902219203482 -0.0996570606251646
541              1.07533948013979 -0.195962910464611 -0.878408169034542 0.371678869566571
542              -2.36791815909435 -0.229938449160972 -2.22443019121206 -0.406044820093503
543              1.50544206350279 -0.0195781180226195 -1.21695931128168 0.408305344561133
544              -1.77298395133499 -0.391728775084374 -1.39465207000119 -0.826013832749828
545              0.0952759453988265 2.3380051810842 0.848806504025241 -0.459802474054694
546              1.87877348643221 -0.188222959437947 -1.17469298448646 0.16568676140297
547              -0.0385285693464721 -0.452920715951095 0.233385500864503 -0.606006116537517
548              -0.160567498962509 -0.66496028218971 0.557293649516058 -0.327626293064077
549              -0.194093639498025 -0.250963558430053 -0.0394487918090973 0.322914143294508
550              1.32194998058469 -0.189923628178153 -0.851654293765281 0.182704242878553
551              1.53743787807682 -0.221913326883375 -1.33311827004212 0.491459363702291
552              -2.28474601978435 1.13281655032937 -2.18506563370296 -0.509917208036744
553              1.38900857841021 0.0372783521594473 -0.783217940292314 0.0189602251213726
554              -1.46154079822511 0.939794518262813 -1.34474123345991 -0.285582797986273
555              1.02262031989243 0.109088479954733 -0.63740521953516 0.147151270776392
556              1.05239909506706 -0.373246780272791 -0.591681891739654 0.10140486359527
557              0.903713688491884 -0.322011317423629 -0.537594618355854 0.296836899799723
558              -0.950891662220559 -1.13550458409936 1.63806466017615 1.08574320661537
559              -1.78686453894835 0.749091968761168 -1.66164790849426 -0.494813331199234
560              0.231009472032184 -1.58636734332004 1.51030277112397 -4.37363413578062
561              -1.38766464341479 0.559122459929251 -1.05405995040983 0.0171550681939113
562              1.02746845605092 -0.435727747841698 -0.58051544723587 0.096781158228952
563              0.955026371319183 -0.332248557724797 -0.585502870505001 0.26274768455273
564              0.108962588716752 2.64159846838899 0.954095782708148 -0.614610798687931
565              0.273948725683472 -1.21191545560019 1.10651721722877 -3.6286414319991
566              1.21768278231955 -0.137243018603492 -0.659826094038122 0.0459869716976338
567              0.999780995666224 -0.163300869519145 -0.621340081456537 0.233035957983116
568              0.330516828813714 -0.751298070205313 0.571616280880662 -1.83218882669031
569              0.0673429782762615 -1.64045881848438 1.10579802178646 -3.41911207030186
570              0.80062557188627 0.210269853635173 -0.436067516379144 0.031289760860255
571              1.13093248674552 -0.317572454672141 -0.760110839585237 0.470415073513155
572              1.08778799233273 -0.173005191731666 -0.717315353379515 0.32485323814115
573              -0.0383597157374281 -0.66317282507524 0.193647475268694 -0.552294713726518
574              0.751643156450174 0.154724969950901 -0.417870560912379 0.11448662675213
575              2.20540990285865 -0.124451824350223 -1.53050889611558 0.202756594901644
576              0.0393915570423521 -0.668550897029961 0.589816131782975 -0.707173730435881
577              -0.821413689070724 -0.784907644964211 1.57905338065431 1.62306907958599
578              0.172726818931738 -0.546774208087393 0.34008296131585 -0.651765502546962
579              1.43717746524244 -0.101312199173735 -1.21935410204695 0.441288818083013
580              0.506775255004827 1.34315321114966 0.517682812254697 -0.0975194803354263
581              1.06403687117761 -0.337551177156716 -0.776786138038531 0.266251136488936
582              1.18946793467241 -0.317989788068998 -0.691676186675465 0.287282067869125
583              -2.03407321246342 0.831677723920869 -1.78212189097526 -0.412373255918182
584              0.296604166252695 3.62377791716824 1.37058454253505 -0.476481694842623
585              -3.14179373394918 -0.423774505483968 -2.44549222080334 -0.727271753930728
586              0.630917164538108 0.236079885675573 -0.264424459827029 0.117964645177833
587              0.0972523375352983 -1.57520275114053 1.36022533467298 -4.38950123488642
588              0.97678739709301 0.32796401403469 -0.426739883929033 -0.00498136540857249
589              0.0262317706527129 -0.749285743081281 0.614463329561211 -0.485107560578216
590              1.49925520980838 -0.261170328736511 -1.02403258148743 0.165636899829638
591              -4.37026205895475 0.0839932146929682 -3.10430080815256 -0.821581520048117
592              0.109043709231902 -0.630797187134008 0.445962954037867 -0.323106387622007
593              0.557360544902608 1.76962884036551 0.584170409297694 -0.513438741151781
594              -1.07631310228002 -0.734021858843319 1.61958403403783 1.59240381449611
595              -0.0644694786414015 -0.634094100163569 0.367867818665177 -0.288665390291763
596              1.20682109171985 0.0524854383939017 -0.930673988008822 0.0998569932768236
597              1.1012346155633 0.17982286556048 -0.644667528919478 -0.125193848305002
598              -0.173059749628375 -1.3463890917912 0.959481556745241 -3.37891027629178
599              -0.0604242736745613 -1.41677378998529 1.5315576441255 -4.36047893346124
600              -0.661072812060795 -0.549511411356674 1.30548552078136 0.917229757012437
601              -0.687628483090565 -1.0323400551471 0.962638893214219 0.929073729879545
602              1.15455987366888 -0.110383567782705 -0.798357084556298 0.29348065532821
603              0.677888272538926 0.0836039348095848 -0.399153271600597 0.0208890476649374
604              -0.626436392035291 -1.22163061816103 1.39267688991561 1.171882491461
605              -0.177377967234964 -0.270621321747987 1.22820480894166 1.15744627866028
606              1.22254936864376 -0.372484899258936 -0.770548101650527 0.241280252520441
607              0.883102275244623 -0.0537634752525703 -0.638045843008851 0.216943028315322
608              0.164973750497025 2.58674750352641 1.15704455715957 -0.38063426707636
609              2.46405103901723 0.0994815101421431 -1.60594994527649 0.14641868555061
610              0.262376351376018 1.87585206833433 0.814471826767488 -0.241732163311959
611              1.27638985215769 -0.299117177087118 -0.988560205941222 0.54341419739014
612              1.1849456647031 -0.258219425013006 -1.09692959598918 0.399629595824816
613              -0.248415212210109 -0.589553512681184 0.999540405919521 1.19862935599458
614              1.90001475503486 -0.0486882821421059 -1.20200712130962 0.297523398307468
615              1.30209186574613 0.122367497123899 -0.741799442764686 0.167669670581873
616              1.06261279976407 -0.010531140395815 -0.804175455972974 0.0567809158665644
617              -0.405950512680536 -0.48830296629872 1.23916542136004 1.256086898534
618              0.101061554048839 -0.808996469365433 0.467142030909403 -1.13306327138125
619              -2.53611690394299 -0.102522148409998 -2.24522660094086 -0.497216520916094
620              0.100591092628267 1.47434226740417 0.59486588087352 -0.29930407692134
621              1.07734917177693 -0.469819773906983 -0.445741081006104 0.263314230201313
622              -0.0890421093750645 1.89144148534511 1.05910894214931 -0.341903751616084
623              -0.723572882688079 -1.01438376457919 1.31704861846313 0.960479334349963
624              1.20597249856959 -0.24543595834673 -0.754692992912555 0.149233441796965
625              -0.65513505871279 -0.983447838489782 1.79140453548517 2.27565619193216
626              0.0479941299312609 -0.939798939267285 0.345154033628359 -0.832397578364243
627              -0.0758340155292995 -0.472732630863022 0.494200454132384 -0.0616378525852181
628              -0.662556452046169 -0.750337470999264 0.510476723261287 0.813265419022199
629              1.26370186782038 -0.337886041774068 -0.810355915024176 0.0805195771609935
630              -1.08226817625105 -0.979261641725333 1.07438903743758 1.06396336188336
631              1.55155271161767 -0.248814756008391 -1.06257995305854 0.130712684273943
632              -0.209611200879775 -0.668079667162458 0.456960694791694 -0.233755618240853
633              1.53710786973145 -0.135459757314932 -1.24472096323053 0.508928964778386
634              -0.66056031949979 -0.140971569552682 -1.24616846251492 0.0227648030514433
635              0.856188584384728 -0.239621512371799 -0.569834301512316 0.291022133544574
636              -2.99267852048633 -0.338188464586598 -2.06180593539216 -0.676810952926503
637              -1.88662972604981 -0.226289854341666 -1.71327667092468 -0.0449072157055323
638              -2.47839823431341 0.965276581132746 -2.25666250371532 -0.599992061301402
639              -1.77214612923992 1.35269869126724 -1.87615590676802 -0.595414995072521
640              2.04462741628917 -0.110519414099387 -1.31410318943078 0.266026779377278
641              0.609542309721858 -0.380471145925846 -0.262816663336779 0.144302391278337
642              -0.0839200018847287 3.38531343211197 1.62407013657404 -0.535089413074867
643              -2.35771283596473 -0.362991726462985 -2.49637160480654 -0.463919363981564
644              -1.36858689883962 0.772189499320193 -1.01624742365188 -0.224099172937127
645              -0.661750641881946 -0.843981007782836 0.37000310725245 1.00677008299677
646              1.09170284798484 -0.455123201269256 -0.766498978721825 0.26810734142804
647              0.921620200653668 -0.445354650374798 -0.601678778089391 0.295133423908959
648              1.00298414126957 -0.381419529162474 -0.667692283644536 0.17237427918688
649              -0.55257850667527 -0.812951466988712 1.05725449672148 1.38982010923962
650              -0.408168105690417 0.510798365771889 1.28400433298672 1.26834545412205
651              -0.128652390120519 -0.237290391254221 1.09951948010559 1.61966913130793
652              -0.99407442124627 -1.03210181595904 1.49487711595978 1.23298628041975
653              -1.94604210059241 1.08496908074592 -1.72689252421113 -0.573324843581621
654              -0.448857192351904 -0.623100507756713 1.17364315087221 1.21544500842454
655              -0.458905752010533 -0.429194809826782 1.52538142863752 1.70054022495366
656              0.0368197120971495 3.41474669566784 1.40798889860706 -0.489113239022891
657              -0.110023623589465 -0.360412480432361 0.354217853080003 -0.24087465038046
658              1.97878251405701 0.0298170814378449 -1.32486569547367 0.00700357901453414
659              -0.143831291395204 -0.396291200701113 0.836398502724168 1.12448665863131
660              -3.50514101113534 0.0651343212939769 -3.00088992846002 -0.745383969032225
661              -0.31089288475551 -0.624527326968994 1.54255923510109 1.90088829431153
662              0.773025061408114 -0.330691743095148 -0.421788872197303 0.313397204996623
663              0.146964151241521 2.21199734873997 0.987408176827257 -0.409957648627643
664              0.167360308796326 2.03872083543176 0.801554940662093 -0.168232132916717
665              0.830325922705575 0.0828359488302848 -0.641045239699212 0.157695873973636
666              -0.329988193470315 -0.699597806026741 0.840838404629996 1.11030368806192
667              1.4146623746961 -0.168017674501196 -0.924929950144527 0.15340174762876
668              0.265587445749444 -0.520301881033168 -0.0698892752277077 -0.584724284565109
669              0.771704264381083 0.458136690506351 -0.27884862333648 0.112820634979121
670              -0.586421328154562 -0.88827685037978 1.0447714629087 1.14196512409869
671              -0.364915904790524 0.869890021251715 1.27076401371492 0.352214329352543
672              -0.245638606305181 -0.58777796069352 0.582927293973724 0.0839789636894736
673              -0.605688469592517 -0.989661651809616 1.1487413367355 0.772536412634198
674              -0.504031571843255 -0.794224594626126 1.03502885765677 1.3240955494025
675              1.6272756800019 -0.0179679895709004 -1.29116602639487 0.521252103547159
676              1.36327877982889 -0.281116029546232 -0.83064831978418 0.234807000563086
677              1.56908961545251 0.0902276925789671 -1.27131820986432 0.621556709290319
678              -0.208602240019323 -0.561741210563295 0.355567892083694 -0.270046224846406
679              0.966952930679599 -0.496184872386132 -0.515651436581321 0.326113431504299
680              0.435521215727035 2.00565802209331 0.646294879666067 -0.225761021071034
681              1.04907634810322 -0.0920614792315903 -0.815400088417435 0.249887492188548
682              -0.0798996408111745 -0.377572572233494 0.634001530604944 -0.497112667243777
683              -1.0021901299425 -0.586669798366532 0.726744795501795 1.20036096162743
684              1.37599969562105 -0.127739753153383 -1.05791730393999 0.28264419201751
685              0.00654579686242177 -0.727260601492296 0.587561121337002 -0.841309110071784
686              -0.439311091704046 -0.770307963694637 1.31059768444509 1.57004970660816
687              1.04838270801368 -0.334084029605302 -0.896318255880785 0.529082717441101
688              -0.629477043835515 -0.437648377810063 1.4695484939589 1.64144142403254
689              -0.797645575465132 -0.89933076492435 1.28281947993853 1.20756368537942
690              0.704552287581363 -0.110306828227474 -0.386313247503273 0.240028296752917
691              -1.13018030457214 -1.17029247052447 2.0191499270018 1.31248967816
692              0.363628964080827 3.33608004026665 1.01541928994719 -0.519942165949137
693              1.65492088584686 -0.123022641149852 -1.04867691337184 0.33476324295497
694              0.672643371176871 3.6775042388036 0.801669320839454 -0.560213519786078
695              1.11159047841593 0.0761356244342838 -0.689128986363798 0.155622884590314
696              0.333218359502938 2.12040784220317 0.431883710421979 -0.267452755577501
697              0.294884876610165 1.23560723907282 0.474979048227645 -0.284954358852115
698              -0.937621100276308 -0.949552249900227 1.16427799113802 1.14939675100193
699              -2.59897356644092 -0.0236573294227595 -2.17238006865083 -0.35245852441126
700              0.785025180041978 0.386347445193461 -0.444842358295752 0.228879125337282
701              -3.23082479806257 -0.207166765509572 -2.75584015447833 -0.659765052699403
702              -0.214390924167699 -0.425740986242332 1.0726280387326 1.40314171521005
703              -0.707156973243017 -1.06820781565879 1.37322409283581 1.30596684585186
704              0.387974873523134 1.73102195295059 0.474042670711342 -0.146014072291692
705              -1.98120174798721 0.845347181509804 -1.70313913972834 -0.441329661172877
706              1.69741857141016 -0.122199164279092 -1.21422572369777 0.326055049189357
707              -0.747863452740831 -0.98788775486966 1.36038551227466 0.787287023785627
708              -0.922822751202399 -0.608967848252704 1.11365682513377 -0.38577995892311
709              0.347800493757751 -0.578015466111934 0.0808466390285352 -0.385474363148239
710              -1.82915838191124 -0.917480780764925 1.16623096462589 1.10475631813226
711              -0.348501672687989 -0.455741484967916 0.262219148893245 -0.215967967145764
712              0.859699976541784 -0.405473346618145 -0.45577078147004 0.434553494404751
713              1.1689260527435 -0.240926884810004 -1.01048426567966 0.353822036923315
714              0.200443439166743 -1.89438285259437 1.71924623810594 -5.16669878312945
715              -0.810626620411703 -0.829840542035821 0.735519992568012 1.06358292691018
716              0.345899612560726 2.47748700661052 1.09900304653755 -0.159313737939564
717              0.983244879468863 0.185780865449208 -0.49808923533767 -0.0323816001724626
718              1.10118041133885 -0.531976276894965 -0.651172298904603 0.1289149142949
719              -0.84813538069287 -0.516223290530543 1.87663837701582 1.39214461817638
720              -0.857939724164848 -0.908156421897899 0.840629864070079 1.09644089649829
721              -0.596412826878721 -0.664541019636015 0.739248856301283 0.086310292615278
722              0.643942233735541 -0.185083708146084 -0.367396708387233 0.282995726953173
723              0.814187162281931 0.160791445389767 -0.464623319423024 0.184384713428947
724              0.0710168526822943 -0.68421513862853 0.322277598102317 -0.609409583051047
725              0.355577265248983 -0.761243224516171 0.292794359764122 -0.819728481001313
726              0.650555448527822 0.224976297590595 -0.4931586727923 0.339172898854138
727              1.1533196537365 -0.192403651874651 -0.777569757745383 0.3567255958185
728              -0.534294253160336 -0.892166358909673 1.6431974438557 2.22307284402956
729              -0.341292656737334 -0.938749149327669 0.855021538306708 1.08724506497925
730              0.0155216338123644 2.07055885200384 0.6940070920419 -0.408479865750517
731              0.179052223301167 -0.220192151248796 -0.111829907800952 0.234575499648182
732              0.0277604019835452 -0.433629370703563 0.329414385767001 -0.100179356739141
733              0.197208772319479 -1.286274705553 1.05451269518151 -2.96838181113902
734              1.07363371284184 -0.238091369864252 -0.977771704833052 0.518955839610743
735              0.881031039941563 -0.0243488179865863 -0.769109692702189 0.170866350363243
736              -0.44259748633307 -0.716554124339503 0.821619102557753 1.1942458525249
737              1.72825021163691 -0.0056619678471492 -1.07706364808877 0.395091533013975
738              1.07701817362193 -0.263860529580027 -0.651125728694587 0.263459025125201
739              0.0375511975227064 -0.477140505740763 0.0281972519644686 0.0781084668381105
740              -0.710808137770354 -0.888583379908336 1.15942188986752 1.37189875033073
741              1.21430122911868 -0.23094929054367 -0.76894093006952 0.139870575957007
742              -1.26754079780208 0.818980694615278 -1.32907974373179 -0.231818111444761
743              0.962878902388138 -0.209209368184687 -0.743343405032796 0.437141003353638
744              0.474694908108529 -0.145789645703207 -0.463059506355308 0.269420109553521
745              1.0397858902825 -0.152988199721486 -0.70472063025097 0.426052865206837
746              0.104424248352541 -0.429297436650511 0.26342512838774 -0.723529398111914
747              1.04090994567894 -0.111917237012312 -0.799647454653197 0.364982955705645
748              0.934339141252149 -0.227872516190402 -0.737074050664646 0.275516920789245
749              -1.33320326231884 0.650645432413892 -1.3531561349419 -0.181592000909441
750              -1.46387944864934 0.784811457504967 -1.5460975944465 -0.463309691589444
751              -0.567443040515231 -0.747847914357142 1.09506753332299 0.922404265602487
752              -0.0712791475665613 -0.488336121096548 -0.0099436595587422 -0.00938914008291615
753              0.864330714242031 -0.0121116733917384 -0.811189490668026 0.291265948136791
754              -2.01301035875299 -0.185331572346436 -1.76553656909517 -0.228718867341741
755              -0.449034629278359 -0.51487484512845 0.616199104893664 1.05236543746226
756              -1.22051068697905 0.811268199058217 -1.18885714473667 -0.195592928893699
757              1.02890685640234 -0.160360218026597 -0.738506970631482 0.191832153043002
758              -0.0286256861089215 -0.448640852547338 0.243889151597541 0.317232551059792
759              0.929274115154308 -0.216032409025975 -0.60556398777349 0.43654762412994
760              0.09543943862187 -0.197298521564436 0.0734706843587494 0.119655631540113
761              -0.0669633534894174 -0.483985887520602 0.399689539364254 -0.0660895984800874
762              1.13570380778829 -0.173172953606294 -0.908025508604658 0.450579059300265
763              1.34464621549447 -0.180533097305865 -1.02123464763455 0.328930790518556
764              1.13932109585787 -0.0785676535099239 -0.778685694117355 0.471183373338499
765              0.730492647155491 -0.21435062816049 -1.09076092833512 0.349782721310528
766              -0.387589678066753 -0.539541267842343 0.71007755172182 1.14259840914916
767              0.00615701701692431 -0.379954907410767 -0.139966997782027 0.00543495788802796
768              -2.17228825805321 -0.240314166171996 -1.81414170197231 -0.453028261432458
769              -0.328498855286349 -0.434653368550612 0.959651995115227 1.18865483230172
770              -0.897004931858152 -0.454107092488568 1.16521278123709 0.981965386044716
771              -0.442903559715925 -0.678382252701986 0.719824754313368 0.978667566026882
772              1.28209181912587 -0.246371940656067 -0.753918473974292 0.249035238861761
773              -1.56501237177651 0.789091610329373 -1.45509355579589 -0.27137720755561
774              0.964215678992713 -0.20045356178222 -0.958532259261247 0.445972882330162
775              0.0545878558834617 -0.842861444182894 0.690715486175398 -1.29327511060481
776              1.19621935769689 -0.231533747076323 -1.03689339252747 0.499707415359261
777              0.155951213919109 3.1278872951051 1.20634360212403 -0.549056702627959
778              1.18074590654877 -0.188073550380452 -0.812839168218219 0.204272224533874
779              -0.0375305491842765 -0.349790393404865 0.109928121610022 0.0820634161185922
780              0.0937655479717881 -0.715132285299728 0.377609505277171 -0.538281177310845
781              1.73298912981513 -0.145676583316493 -1.22021536617597 0.358099434739524
782              0.193313202894118 1.79883576710167 0.7611667257019 -0.128546550490241
783              -0.631959598197213 -0.53402087655559 0.858211231271333 0.992633229748821
784              -0.518045174591609 -0.446979290002649 0.739965458233137 1.02421553415014
785              0.0914546676145962 -0.630831753576231 0.308296351902216 -0.423859158385464
786              0.392995329491556 -1.31681390957165 1.08094271899327 -3.67358484147736
787              -0.374325667281687 -0.705903565752897 0.725313673252503 1.11642875565035
788              0.00480564417536512 1.84137886415066 0.931714772400382 -0.373171935363145
789              -0.559137543257032 -0.565242723327127 0.822333980771468 0.880392014453288
790              0.06685604656385 1.99366571505299 0.718765394275322 -0.259034095935103
791              -0.590535910969359 -0.621439713786228 0.682958303810208 0.966245445064649
792              0.0793804578445444 -0.557421154384352 0.296323382148599 -0.424027537850798
793              0.309710322507189 2.48892619129401 0.915435473422759 -0.220608522174515
794              -0.631764624113193 -0.816308601489287 1.08134116411407 1.14181918441272
795              -0.480995671538112 -0.80495948548112 0.936614132886652 1.05087242154635
796              -0.0450223125692618 -0.602924289662639 0.293807437960112 -0.449032270735533
797              -0.429217032894138 -0.480505153763299 0.814026044637109 1.09351937581145
798              -0.588513571399232 -0.645732248671578 0.814931906806762 0.922131883510712
799              0.10689759896053 -1.29979288009173 1.14171619337978 -3.49030128303033
800              0.0979734000009944 -0.630480057118944 0.331398720881686 -0.620764721667974
801              1.25360547623562 -0.0593100447974699 -0.933180970184357 0.360064382344394
802              -0.521989571969145 -0.534117651193551 0.920535094602403 0.987126033888534
803              -0.501461475405251 -0.563855525404373 0.935962824185046 1.00221308736083
804              0.0995055874181603 -0.694106796898454 0.34500132259626 -0.67332042251422
805              0.205798559453812 2.67352041576103 1.02046375803765 -0.352653596778916
806              0.180474841607727 -1.17612615970197 0.770749735589675 -2.82510419600942
807              -1.55043963071251 0.794526640989841 -0.6607526018082 0.106960712425044
808              -0.54789204094371 -0.542494525205458 0.959289453945397 1.06182408641068
809              0.136372739604085 -1.24815689805229 0.950617839756242 -2.97366071108603
810              -0.61006798126109 -0.616502728334042 1.08234443780707 1.34397003700956
811              0.147784658729109 -0.795887412711209 0.520890300170431 -0.811129174323955
812              -1.41763773338677 0.497230189855217 -1.20560900662697 -0.271937147614786
813              0.15909308617029 -0.520341896153734 0.434598087373627 -0.682969130315336
814              0.276761359073099 1.64916045271646 0.47858566508819 -0.196428932948895
815              -0.198269129916821 -0.570907271030725 0.113192321200231 -0.224403826633487
816              -0.661777983920528 -0.757752122112619 1.14727491395417 0.909391761997264
817              1.65919473241254 -0.0942670098035752 -1.02180272796742 0.355469127259457
818              -0.673277369468408 -0.476120509104188 1.03297932040891 1.22571964429246
819              -0.215476667802295 -0.682457886890578 0.652461653091735 -0.147601466723192
820              0.0691477840512705 -0.532725902176047 0.215288181787476 -0.0936798593555179
821              0.00242429914060193 -0.517174048230189 0.394923012240441 -0.0666569200438981
822              0.19469743286351 -1.09317644986666 0.919008856167126 -2.98791754074931
823              -0.0548674518416687 -0.601301056152417 0.425886658237338 -0.0787447987585141
824              -2.1705726259281 -0.152603726025557 -1.74401653718048 -0.193182246708946
825              -0.0301553001174937 -0.475321512700836 0.326745767881104 -0.0505978028609618
826              -0.193291860687593 -0.497227101094074 0.445338839934094 -0.0974730167285808
827              0.157996977997238 -1.39185940254539 1.07440517549093 -3.35836427905532
828              1.96966726650114 0.0731826766843428 -1.31661117150446 0.152592485147625
829              -1.33118303640104 0.660813836979785 -1.13506449305582 -0.232704433662778
830              1.95376118943636 -0.129164258075041 -1.35750892907534 0.0741403579810756
831              1.60623085222265 -0.0836089014235828 -1.06002097561902 0.370008961587148
832              -1.63534628570287 -0.181870718648052 -1.52384649202123 -0.132717494638235
833              -1.58979051142243 -0.385795671260508 -1.14471300228824 -0.198690952500449
834              0.24839979401679 2.16191881554307 1.18353756414527 -0.631115567131746
835              0.105858471107611 2.27970890624464 0.789550541445308 -0.0627338436251822
836              -0.356669015579135 -0.625899797597118 0.435160484879334 0.712409006913088
837              -2.29613547747495 -0.184863009593183 -1.80817961185481 -0.246288589610959
838              0.268135155266593 2.07488292540687 0.85851505045054 -0.0918753331881862
839              -0.0498644430165953 -0.585353517749528 0.569328866158086 -0.126770903027646
840              1.30039084199766 0.0413553419277243 -1.02714893946941 0.320258747524533
841              -0.495869566073701 -0.635883898526691 0.989746577788817 1.07709365473118
842              -1.79087821660311 -0.180713644427805 -1.114365634545 -0.305375793097215
843              -1.37058122647961 -0.299472806449493 -0.561098209133848 0.0590581776079789
844              -0.270540455995299 -0.446483438717414 0.729916575714396 0.779080885893894
845              -0.28453474120484 -0.575862922920544 0.730446934873033 0.859599368485336
846              0.127315256310658 2.46127141772421 1.00746689241838 -0.356261167187471
847              0.133895500704156 1.77639921240291 0.916612432906783 -0.281289031361302
848              -0.0123879187718079 -0.421899986496553 0.259329868087649 0.219514517803752
849              0.164024147503568 2.26180943798403 0.897213302012972 -0.271799455665816
850              -0.536307553764137 -0.760246697716908 0.952377101857019 1.17904336899609
851              -0.496270839518513 -0.722043586063786 0.680720146982901 0.860153840302073
852              0.093173372281439 1.44587810240128 0.588006228765367 0.00905030292164396
853              0.128746013553187 1.96133139829504 0.754208023240684 -0.282497231826996
854              -0.340611816712428 -0.699483429015224 0.619788597824507 0.834803367651445
855              -0.386024607845722 -0.57216846011988 0.842261775590539 0.795846962607823
856              -0.449538397857609 -0.583779453549231 0.825352105871854 0.999273592220223
857              0.099312969821241 2.31168211089702 0.879013269818916 -0.379002369055087
858              -0.334573170998872 -0.841474288272918 0.814931750534952 1.02639149489037
859              -0.0428406630143205 -0.613843650871554 0.400645676561662 0.0418228427995739
860              0.138644787688916 2.24920737368417 0.893495121032818 -0.218581236159491
861              -0.136012221886171 2.26181284834072 1.18117334857005 0.10292651988724
862              -1.49957389746322 0.692372641754382 -1.33852265526464 -0.329263637367177
863              -0.612282650373544 -0.621249238523091 1.1508811228517 1.05873909948685
864              -0.2221937672655 -0.510574853760031 0.349883848992248 0.448787080217614
865              1.26325533445884 -0.155875508376678 -1.00409732474059 0.376502662402586
866              -0.560262085436445 -0.665967681970709 0.98601322932255 1.09581174828551
867              0.139014541773849 2.32558957314976 0.950643891336606 -0.279786006245636
868              0.396835041039952 -0.462219157331273 0.134065333313963 0.481884622247957
869              0.28060790381774 2.21830942842248 0.790865414904328 -0.222150566321753
870              -0.033024370319511 -0.426942513861063 0.366182617630783 0.395464755173353
871              -0.0687064059901851 -0.401978910221398 0.351911797836285 0.285613627278128
872              0.275867199096809 2.63580399036458 0.973991087564315 -0.672267887120761
873              -0.320469420720114 -0.569734523990222 0.785154567036754 0.86036920015784
874              2.12190952599483 -0.089798539776371 -1.4227464255317 0.127228403500701
875              -0.193599326552972 -0.512138582335667 0.623136649704471 0.433785314306687
876              -2.08940969597995 -0.176483042762192 -1.85616546500892 -0.393580015540317
877              1.30121174356674 -0.190117446431691 -1.11615046793775 0.379297578850435
878              0.184304801693217 2.11843842324953 0.711159224186366 -0.411424396018672
879              0.227117199914044 2.01989736108943 0.707151035810037 -0.223094058889824
880              -1.52826720356987 0.725077157316348 -1.38644807261598 -0.376098917140063
881              -0.80879750149809 -0.269821604042347 -0.626166679844771 -0.084007434944756
882              -0.446638555268905 -0.570484826896155 1.11030506097232 1.17287362452029
883              -0.068652749773775 -0.42264541379679 0.291678189050947 0.421171251995657
884              -0.583793752169255 -0.418082436514392 1.14414933213786 1.07370075939307
885              -0.49937511559578 -0.663699973788019 1.2074424193245 1.23423924731073
886              0.15974136220268 -1.13141371641127 0.915970030730804 -2.89840802730431
887              -0.060938854691739 2.32746490907611 1.0160877413919 -0.318618540041665
888              -0.19101501408925 1.74170911347576 0.872729534736659 -0.373492243498919
889              0.234224322514802 1.92147242550382 0.611150715177444 -0.216567661551363
890              0.278525949540954 -1.31061294920164 0.918797353820248 -3.0205370891094
891              -0.486359359771623 -0.601797211785672 0.805346405712054 1.00802199326325
892              0.164007551834955 2.40295627794953 0.774705946696791 -0.370837189084049
893              -0.548010951130233 -0.747045619930597 1.22616426391688 1.17438613804555
894              -0.547731172800069 -0.61607626650516 0.787197789166894 0.924576122953089
895              1.69579180401416 -0.0982940016003049 -1.02482431410282 0.0872512668790864
896              -0.291115262492449 -0.45192440787357 0.692033079405182 0.681523974106416
897              -0.388060534983842 -0.565682455232922 0.825027248380466 0.99342575835548
898              0.23975614672901 2.28462706714641 0.780876634957381 -0.337190455990857
899              0.246541637941949 2.28292638354844 0.756695452906728 -0.240060943829496
900              -0.426775022845577 -0.49167884470959 0.548495818732577 0.836550365757314
901              -0.126741416935169 -0.431166284126076 0.568674424833601 0.0787210880693311
902              1.07335811516279 -0.202406628108731 -0.713185168959364 0.387601463358765
903              1.23816463500888 -0.175490254461629 -0.735282361780357 0.30874120519702
904              1.12261657727409 -0.154634810869898 -0.662335308535405 0.373739034327392
905              -0.419496090580065 -0.586687060906157 1.11210869341454 1.26489966104779
906              -2.25097750635573 -0.269963215371872 -1.98944683103257 -0.265413772883935
907              -2.14631723574692 -0.120812105612092 -1.84710327272653 -0.415735758250468
908              -0.604106038503053 -0.433094365585601 0.942403451159765 1.05270912293533
909              -2.16562207524422 -0.156810927667263 -1.77106500676554 -0.362364231852955
910              0.0683752124157445 -0.455221449287593 0.402373031716403 -0.261399758786877
911              1.36061320617391 -0.162137314793309 -0.856263270308973 0.256572038433049
912              1.22326526406478 -0.13954000505275 -0.847755652235776 0.326284935587912
913              -1.32064771064186 0.44288946703311 -1.28674997891282 -0.243728889997965
914              -0.526362057705257 -0.954197249749771 0.910583729081812 1.13084545528948
915              1.24418379848058 -0.0916460403747148 -1.06209463586375 0.429355358267605
916              -0.00490219426082814 -0.696512476400204 0.520876584854756 -0.420659427217295
917              1.30147456863068 -0.237515273500697 -0.594584784011722 0.122739854294799
918              -2.38656829433492 -0.0888748503899704 -2.0615270857429 -0.40459204765782
919              1.02496629068315 -0.207401847326384 -0.531528447807832 0.50926043182128
